50
96 9
79 126
19 178
76 72
148 108
24 174
129 174
145 182
121 39
72 69
69 145
156 182
163 29
113 124
89 167
158 184
128 189
61 146
166 136
170 113
44 193
86 124
118 182
57 39
21 128
59 89
24 166
22 138
194 134
61 83
101 171
18 28
159 79
125 124
166 46
188 161
38 73
36 108
55 93
146 27
172 4
115 148
121 88
85 114
22 98
148 122
68 118
101 178
196 177
53 113
2 178 533 1 16 70 1
7 1060 1624 0 170 149 2
7 1073 1678 0 11 6 3
7 1286 1975 0 163 177 4
8 681 1890 0 77 69 5
10 519 1110 1 140 48 6
13 1083 1708 0 60 108 7
14 212 414 1 97 76 8
19 295 836 1 67 173 9
19 609 1019 0 22 41 10
22 327 941 0 111 90 11
26 527 1352 1 11 127 12
28 797 1770 0 12 189 13
47 60 161 1 18 42 14
49 31 145 0 132 17 15
49 605 1639 0 135 166 16
51 1236 1935 0 104 128 17
52 1135 1812 0 185 157 18
54 453 1395 1 144 100 19
54 879 1498 1 124 124 20
63 283 576 0 32 198 21
68 18 99 1 116 166 22
83 339 784 0 70 166 23
92 28 164 0 155 61 24
94 294 604 1 135 122 25
95 136 374 1 62 77 26
95 598 1039 0 170 67 27
98 432 1317 0 14 54 28
98 451 1422 1 121 104 29
98 729 1542 0 77 139 30
109 88 269 1 117 96 31
109 162 566 1 191 130 32
115 978 1922 1 31 126 33
117 347 1040 0 48 50 34
125 520 1445 0 72 81 35
126 369 843 1 97 38 36
134 66 315 0 166 4 37
134 101 363 0 133 151 38
135 599 1538 1 130 175 39
139 703 1544 1 8 53 40
140 208 470 1 4 186 41
140 286 898 0 72 47 42
143 217 791 1 138 37 43
159 58 256 1 21 118 44
159 1127 1917 1 169 132 45
161 295 758 0 193 135 46
164 582 1553 0 163 32 47
166 8 190 1 121 60 48
169 41 278 1 143 136 49
175 180 506 1 24 92 50
175 185 476 1 171 179 51
175 550 1568 0 162 44 52
180 266 696 0 42 26 53
184 617 1973 1 85 44 54
187 709 1733 0 85 58 55
195 304 1110 0 42 92 56
196 1070 1848 0 147 156 57
200 240 662 1 90 72 58
205 680 1467 0 185 14 59
210 145 553 0 140 112 60
210 150 509 1 53 94 61
211 93 367 1 69 193 62
215 98 371 1 51 27 63
224 203 816 1 198 79 64
225 547 1653 1 6 4 65
228 419 1265 0 147 15 66
229 1096 1896 0 80 87 67
230 15 274 1 19 134 68
250 107 538 0 168 68 69
256 1001 1944 0 97 132 70
268 487 1185 0 69 79 71
278 187 761 1 5 131 72
278 593 1472 1 108 30 73
279 154 628 1 102 124 74
280 189 761 0 27 132 75
280 482 1636 0 46 150 76
281 398 1184 0 193 180 77
282 785 1558 1 90 95 78
283 832 1712 0 154 125 79
287 437 1302 1 91 178 80
289 486 1197 0 186 103 81
290 677 1922 0 59 153 82
295 132 508 1 164 171 83
299 218 737 1 148 92 84
299 537 1344 0 88 49 85
303 256 712 0 48 92 86
305 548 1894 1 157 162 87
308 615 1953 0 94 18 88
312 881 1920 1 5 179 89
317 924 1764 1 170 14 90
320 530 1214 0 104 177 91
332 23 396 0 96 88 92
338 77 496 0 143 146 93
338 434 1215 0 96 177 94
339 755 1661 1 130 180 95
340 463 1359 1 90 192 96
343 70 490 1 123 78 97
346 493 1122 0 169 74 98
347 509 1797 0 128 54 99
348 56 507 0 197 137 100
352 610 1530 0 177 11 101
363 93 530 1 37 48 102
363 182 693 1 68 128 103
364 178 708 0 37 33 104
375 588 1670 1 59 35 105
377 255 951 0 172 26 106
380 285 1111 0 194 22 107
385 248 875 1 185 166 108
385 317 1295 0 117 181 109
392 505 1771 1 64 145 110
396 674 1641 0 37 40 111
406 217 797 1 154 153 112
413 609 1496 0 191 131 113
414 143 825 1 8 98 114
422 480 1404 0 80 28 115
422 764 1780 0 184 151 116
426 483 1284 0 29 16 117
431 133 685 0 178 136 118
436 179 759 0 55 155 119
437 119 773 0 150 8 120
438 2 447 0 135 2 121
444 410 1145 0 40 21 122
452 340 1260 1 109 117 123
455 270 891 1 154 103 124
456 133 814 1 137 101 125
465 728 1785 1 62 59 126
469 10 487 0 80 38 127
469 454 1485 0 178 55 128
473 174 808 0 16 29 129
482 136 838 0 5 42 130
482 550 1684 1 39 167 131
488 182 936 0 28 171 132
489 248 1161 1 74 168 133
490 302 1147 0 100 73 134
494 452 1360 0 117 94 135
495 190 974 1 31 144 136
500 464 1244 1 20 101 137
516 331 1226 0 114 183 138
520 95 674 1 192 6 139
523 760 1929 0 116 46 140
526 616 1580 1 169 97 141
530 392 1416 1 85 14 142
533 79 712 1 128 12 143
539 429 1276 1 141 93 144
543 207 989 0 21 190 145
547 199 952 1 100 78 146
551 64 666 0 138 56 147
555 181 1033 1 150 174 148
561 161 937 1 182 142 149
564 32 637 1 199 185 150
565 23 604 1 187 21 151
566 317 1068 1 161 180 152
569 458 1423 0 144 95 153
574 85 793 1 69 7 154
579 820 1851 1 192 72 155
582 295 1052 0 1 46 156
583 20 624 1 125 123 157
596 485 1952 1 173 188 158
601 6 614 1 30 62 159
611 478 1378 0 1 136 160
621 115 972 0 158 128 161
624 2 633 1 140 50 162
633 299 1276 1 89 150 163
634 281 1289 1 62 89 164
637 134 873 1 19 54 165
642 681 1822 1 116 52 166
643 591 1621 1 152 117 167
644 217 1280 1 78 26 168
650 220 1004 0 158 46 169
657 283 1409 0 176 12 170
660 316 1161 0 179 105 171
663 75 781 1 180 83 172
664 87 897 0 168 168 173
667 506 1546 1 153 75 174
672 586 1778 0 38 200 175
676 266 1184 1 147 65 176
685 92 907 0 89 137 177
689 368 1699 1 3 196 178
695 377 1301 1 72 99 179
696 439 1588 1 82 14 180
700 672 1930 1 121 21 181
701 31 755 0 18 90 182
705 324 1252 0 50 119 183
708 78 838 1 105 120 184
710 134 1000 1 190 56 185
717 472 1753 0 162 50 186
724 340 1392 1 68 93 187
726 671 1807 0 197 52 188
729 58 883 0 15 132 189
733 413 1567 1 149 160 190
735 633 1780 0 6 45 191
739 466 1907 0 129 145 192
748 56 862 1 145 73 193
750 231 1375 1 148 10 194
750 399 1482 1 48 143 195
753 394 1666 0 31 97 196
758 305 1237 1 63 178 197
766 92 951 0 79 21 198
767 78 912 1 17 189 199
777 373 1801 1 169 105 200
780 224 1205 0 144 56 201
784 151 1081 0 124 67 202
804 386 1428 1 54 66 203
808 353 1404 1 144 29 204
810 292 1397 1 161 175 205
811 205 1219 1 65 170 206
812 146 1120 0 192 113 207
814 160 1237 0 2 85 208
815 468 1806 1 152 89 209
820 276 1455 0 130 184 210
829 85 994 0 181 49 211
836 22 894 1 107 198 212
837 433 1581 1 178 23 213
841 282 1548 1 61 173 214
845 200 1193 0 118 70 215
852 173 1293 0 88 123 216
854 54 990 1 124 145 217
856 240 1530 0 156 186 218
864 332 1540 0 52 80 219
872 426 1606 1 163 186 220
873 7 888 0 104 39 221
873 44 981 1 20 58 222
877 362 1845 1 16 73 223
879 123 1088 1 193 125 224
883 210 1343 0 144 1 225
888 351 1728 1 144 125 226
899 99 1129 1 92 198 227
899 570 1817 1 81 80 228
904 203 1243 0 8 3 229
909 401 1603 0 154 81 230
910 50 1025 1 49 177 231
911 287 1781 0 172 54 232
916 330 1635 1 175 200 233
919 69 1041 0 161 73 234
923 176 1377 0 89 72 235
926 283 1444 0 174 28 236
933 506 1832 0 160 179 237
933 556 1935 1 149 189 238
935 380 1694 0 45 88 239
936 165 1410 0 30 192 240
951 26 1016 1 65 200 241
955 230 1414 0 8 68 242
955 569 1877 0 83 40 243
956 146 1307 0 131 21 244
957 11 983 0 88 146 245
963 402 1645 0 32 185 246
966 395 1805 1 123 174 247
969 188 1462 0 116 23 248
972 459 1871 0 183 117 249
973 57 1072 1 85 145 250
988 97 1278 0 177 109 251
993 184 1455 1 120 48 252
995 158 1319 1 127 23 253
999 125 1260 1 155 73 254
999 269 1445 0 188 184 255
1003 124 1258 1 137 89 256
1010 232 1393 1 133 130 257
1014 508 1895 1 179 105 258
1015 102 1182 0 97 79 259
1018 391 1840 1 104 89 260
1019 167 1345 0 93 5 261
1026 368 1690 0 31 164 262
1038 314 1585 1 152 151 263
1040 350 1992 1 108 155 264
1043 160 1357 0 134 151 265
1046 561 1914 1 17 14 266
1062 50 1198 0 118 134 267
1068 299 1919 1 115 23 268
1071 163 1369 0 152 123 269
1077 356 1846 0 130 100 270
1078 51 1230 0 53 67 271
1079 168 1341 0 185 29 272
1082 238 1637 1 164 37 273
1083 177 1550 0 43 127 274
1086 108 1276 0 143 48 275
1098 448 1885 0 196 117 276
1103 163 1391 1 45 65 277
1108 183 1591 0 94 178 278
1113 6 1132 1 35 184 279
1113 509 1956 0 109 135 280
1114 353 1770 1 30 142 281
1117 28 1189 0 120 184 282
1123 320 1661 1 60 195 283
1127 35 1214 0 4 36 284
1133 36 1202 0 160 60 285
1133 327 1727 0 64 168 286
1135 201 1495 1 100 32 287
1135 234 1660 0 159 145 288
1137 274 1793 1 133 135 289
1137 283 1717 0 183 147 290
1146 36 1208 1 178 136 291
1148 250 1732 1 176 48 292
1159 12 1182 0 87 7 293
1163 130 1477 0 89 20 294
1165 322 1698 0 120 79 295
1167 356 1757 1 12 136 296
1174 7 1190 1 162 156 297
1177 32 1270 0 96 19 298
1177 56 1274 0 87 84 299
1180 202 1536 1 104 117 300
1185 202 1579 0 165 102 301
1188 333 1897 1 33 92 302
1189 24 1248 1 93 30 303
1201 202 1514 0 115 175 304
1203 310 1858 0 42 93 305
1206 52 1293 1 123 182 306
1210 129 1515 0 67 48 307
1214 26 1290 0 80 96 308
1223 71 1403 1 41 138 309
1226 151 1611 0 52 32 310
1226 152 1549 1 147 20 311
1227 161 1591 0 70 126 312
1233 157 1643 0 173 20 313
1236 140 1521 1 110 128 314
1237 4 1247 1 100 191 315
1237 297 1970 0 10 103 316
1240 75 1445 1 114 129 317
1248 127 1475 0 13 171 318
1263 254 1999 1 133 40 319
1265 109 1511 0 22 187 320
1265 256 1750 0 98 156 321
1266 306 1887 1 34 85 322
1267 19 1318 0 12 12 323
1268 115 1451 0 32 98 324
1269 156 1517 1 90 115 325
1275 261 1771 1 127 37 326
1279 71 1433 0 77 122 327
1292 27 1344 1 150 141 328
1299 292 1920 1 6 48 329
1301 113 1523 0 109 143 330
1315 109 1645 1 68 93 331
1315 113 1499 0 34 81 332
1322 276 1957 1 193 152 333
1326 11 1357 1 130 62 334
1329 76 1516 0 172 140 335
1330 241 1960 1 67 134 336
1332 187 1794 0 147 162 337
1349 265 1796 0 36 26 338
1354 176 1873 1 173 9 339
1361 237 1836 1 160 6 340
1362 11 1388 1 183 178 341
1378 152 1754 0 87 116 342
1384 150 1724 0 77 27 343
1384 214 1898 0 109 12 344
1388 217 1874 0 82 79 345
1399 105 1615 1 33 87 346
1402 103 1628 0 58 10 347
1409 177 1749 1 131 124 348
1411 197 1802 0 137 47 349
1428 74 1548 1 103 102 350
1436 42 1517 0 40 74 351
1437 94 1622 0 89 136 352
1442 140 1710 1 112 109 353
1447 208 1972 0 130 75 354
1448 260 1979 0 156 105 355
1451 153 1774 1 168 126 356
1452 3 1462 1 118 9 357
1454 155 1749 1 162 76 358
1455 7 1471 0 97 12 359
1455 12 1489 0 152 147 360
1457 118 1697 1 24 40 361
1457 131 1763 0 7 43 362
1469 189 1979 1 101 94 363
1472 23 1525 0 189 153 364
1477 239 1938 1 33 64 365
1479 66 1607 1 160 106 366
1482 181 1872 1 1 188 367
1484 41 1592 1 57 11 368
1486 88 1663 0 40 160 369
1497 60 1591 1 117 123 370
1502 89 1679 0 117 168 371
1502 168 1760 1 158 191 372
1504 241 1963 1 54 198 373
1505 126 1813 0 197 191 374
1506 53 1611 0 176 119 375
1506 245 1886 1 110 144 376
1509 284 1965 1 12 195 377
1525 183 1924 0 36 38 378
1527 34 1589 1 187 182 379
1531 55 1648 1 175 122 380
1534 129 1772 1 150 42 381
1546 53 1667 1 5 32 382
1549 237 1928 0 81 145 383
1550 160 1802 0 6 14 384
1554 23 1614 1 68 195 385
1554 244 1998 1 7 129 386
1555 31 1614 0 181 160 387
1558 160 1993 0 92 17 388
1559 86 1757 0 127 50 389
1564 202 1874 0 136 153 390
1574 65 1719 0 144 70 391
1575 112 1751 0 97 89 392
1578 41 1653 0 54 49 393
1578 85 1810 0 86 31 394
1579 143 1946 1 17 18 395
1592 6 1603 1 119 140 396
1593 36 1694 0 93 138 397
1606 218 1960 0 17 83 398
1610 148 1976 0 195 198 399
1617 40 1696 0 38 113 400
1621 57 1726 0 143 188 401
1624 154 1870 1 180 144 402
1628 1 1631 0 64 13 403
1629 5 1641 0 134 118 404
1632 114 1924 0 44 170 405
1633 73 1768 1 56 163 406
1636 124 1871 1 25 79 407
1637 27 1687 1 145 72 408
1638 33 1729 0 6 74 409
1638 112 1814 1 192 75 410
1642 101 1828 0 121 35 411
1643 158 1999 0 131 17 412
1649 42 1720 0 139 131 413
1651 45 1743 0 139 19 414
1663 63 1849 0 93 184 415
1665 83 1879 0 62 140 416
1667 53 1782 0 104 178 417
1667 143 1896 1 101 138 418
1671 43 1776 1 50 4 419
1674 98 1973 1 27 95 420
1674 102 1963 0 92 125 421
1674 107 1848 1 145 46 422
1675 76 1796 0 143 155 423
1677 114 1976 1 83 163 424
1677 194 1975 0 147 37 425
1678 121 1930 0 72 17 426
1684 139 1914 0 28 194 427
1685 138 1898 0 46 56 428
1687 7 1706 0 194 174 429
1689 86 1873 1 40 174 430
1693 35 1795 0 18 183 431
1693 47 1772 1 171 21 432
1702 118 1965 0 162 8 433
1710 24 1756 1 67 85 434
1713 97 1864 0 43 189 435
1719 148 1958 1 180 181 436
1728 33 1820 1 51 136 437
1730 87 1991 0 136 21 438
1733 92 1944 0 187 110 439
1751 53 1837 1 35 115 440
1751 80 1954 1 142 104 441
1754 84 1989 1 17 136 442
1757 36 1819 0 118 191 443
1759 92 1947 0 3 2 444
1760 3 1769 1 8 89 445
1763 94 1961 1 194 120 446
1774 33 1841 0 83 64 447
1778 31 1853 0 162 6 448
1778 61 1885 0 126 186 449
1782 129 1986 0 3 25 450
1784 95 1946 1 44 8 451
1794 62 1929 0 117 42 452
1797 31 1855 1 99 116 453
1805 10 1834 0 103 2 454
1808 5 1818 1 161 47 455
1809 16 1851 0 172 114 456
1820 23 1858 0 91 46 457
1824 89 1991 0 167 85 458
1826 43 1930 0 170 47 459
1830 8 1851 0 102 161 460
1838 6 1856 0 130 93 461
1842 36 1907 1 152 152 462
1851 66 1992 1 6 11 463
1855 52 1996 1 133 166 464
1856 29 1937 0 6 199 465
1866 14 1894 0 170 147 466
1866 31 1926 1 27 126 467
1872 52 1998 0 184 98 468
1872 57 1981 1 87 172 469
1883 18 1936 1 69 83 470
1884 3 1893 1 121 79 471
1884 11 1911 1 52 107 472
1885 22 1936 1 195 81 473
1885 41 1950 1 181 57 474
1888 23 1940 1 80 140 475
1890 57 1997 1 101 148 476
1893 31 1946 1 10 140 477
1894 14 1929 1 28 146 478
1895 18 1928 0 127 153 479
1898 38 1970 0 83 53 480
1905 29 1970 0 28 123 481
1909 4 1920 0 106 3 482
1909 26 1988 0 132 14 483
1915 27 1975 0 86 43 484
1916 18 1947 1 58 5 485
1919 19 1967 1 123 154 486
1930 27 1974 1 122 67 487
1931 33 1998 0 8 140 488
1939 10 1957 1 152 61 489
1944 2 1951 1 179 151 490
1944 3 1953 0 169 79 491
1946 28 1997 0 29 96 492
1956 8 1976 0 5 190 493
1966 1 1971 1 29 49 494
1969 5 1980 0 200 81 495
1983 8 2000 0 66 200 496
1987 1 1991 0 41 89 497
1987 4 1997 1 22 139 498
1991 3 1997 1 115 184 499
1992 1 1997 0 82 60 500
