0.1824,0.451192,0.673312
0.4644,0.0423314,0.00558896
0.058,0.572087,0.429057
0.1254,0.375104,0.202865
0.1215,0.4079,0.218116
0.0921,0.394689,0.262432
0.0874,0.433786,0.284759
hello
0.003,0.692004,0.201246
0.4627,0.0451481,0.00118779
0.0007,0.697248,0.0993565
0.1257,0.329844,0.0432413
0.1202,0.363585,0.0480945
0.0771,0.36907,0.0586407
0.072,0.400835,0.0650712
hello
0.3422,0.250803,0.734396
0.4576,0.047109,0.0109465
0.1642,0.422124,0.542546
0.1843,0.30881,0.259513
0.179,0.345537,0.279331
0.1638,0.33236,0.342028
0.1603,0.366679,0.368381
hello
0,0.708525,0.105084
0.424,0.128602,0.00413594
0.001,0.695389,0.0543828
0.121,0.441258,0.0305855
0.119,0.45373,0.0304825
0.052,0.520063,0.0415474
0.049,0.544523,0.0466752
hello
0,0.695207,0.0210968
0.424,0.127477,0.000907188
0.001,0.695389,0.0109566
0.121,0.406918,0.0061971
0.119,0.417844,0.0061765
0.052,0.478031,0.00838948
0.049,0.495665,0.00941505
hello
0.001,0.709938,0.210012
0.424,0.131467,0.00817188
0.001,0.695389,0.108666
0.121,0.463374,0.061071
0.119,0.475674,0.060865
0.052,0.547137,0.0829948
0.049,0.572214,0.0932505
hello
0.001,0.701621,0.198764
0.448,0.0937721,0.00453349
0.0005,0.6946,0.0995794
0.109,0.457688,0.0621337
0.104,0.493341,0.0666469
0.0525,0.510716,0.0856298
0.046,0.558296,0.0946696
hello
0.0005,0.690043,0.0398568
0.448,0.092952,0.000986697
0.0005,0.6946,0.0199959
0.109,0.411469,0.0125067
0.104,0.440304,0.0134094
0.0525,0.458837,0.017206
0.046,0.496877,0.0190139
hello
0.0115,0.684574,0.390788
0.448,0.0958614,0.00896697
0.008,0.693469,0.194957
0.109,0.488914,0.124167
0.104,0.526985,0.133194
0.0525,0.546641,0.17116
0.046,0.600456,0.189239
hello
0.0194,0.674169,0.470372
0.4414,0.0760893,0.00531525
0.012,0.68566,0.232228
0.109,0.41165,0.131769
0.1024,0.460655,0.148495
0.0596,0.464568,0.176499
0.0534,0.512068,0.192385
hello
0.0004,0.693627,0.0970856
0.4382,0.0754239,0.00114305
0.0006,0.695927,0.0455286
0.1086,0.364066,0.0261801
0.1024,0.401685,0.0292314
0.0604,0.403885,0.0348569
0.0538,0.443619,0.038419
hello
0.1688,0.467383,0.66634
0.4414,0.0777847,0.0105305
0.0808,0.555742,0.395301
0.1362,0.41056,0.218315
0.1308,0.451851,0.225991
0.1034,0.423329,0.281179
0.0994,0.465304,0.296011
hello
