0.0935,0.598713,0.597892
0.321,0.0616217,0.00568532
0.0581,0.608032,0.397627
0.1912,0.333364,0.0675097
0.1816,0.40703,0.0900676
0.1859,0.335721,0.085172
0.1757,0.412559,0.119729
hello
0.002,0.694979,0.232996
0.3208,0.0637385,0.00120665
0.0003,0.698203,0.177652
0.1911,0.305645,0.0135007
0.1821,0.358317,0.018024
0.1871,0.305509,0.0170757
0.1773,0.362327,0.0237519
hello
0.1567,0.504105,0.705548
0.321,0.0629947,0.0112706
0.1093,0.559135,0.487285
0.1912,0.354401,0.134919
0.1816,0.43253,0.180035
0.1859,0.35678,0.170244
0.1757,0.438469,0.239358
hello
0,0.707404,0.08662
0.202,0.219695,0.00455226
0,0.695596,0.0635343
0.145,0.417513,0.00872802
0.145,0.417513,0.00872802
0.133,0.43906,0.0149353
0.133,0.43906,0.0149353
hello
0,0.703262,0.017404
0.202,0.217773,0.000990452
0,0.695596,0.0127869
0.145,0.402957,0.0018256
0.145,0.402957,0.0018256
0.133,0.424201,0.00306706
0.133,0.424201,0.00306706
hello
0,0.701554,0.17314
0.202,0.22459,0.00900452
0,0.695596,0.126969
0.145,0.438461,0.017356
0.145,0.438461,0.017356
0.133,0.461325,0.0297706
0.133,0.461325,0.0297706
hello
0,0.709359,0.243696
0.1955,0.251845,0.00438623
0.0005,0.696529,0.19696
0.1585,0.391321,0.0150756
0.1585,0.391616,0.0150892
0.153,0.396769,0.0191662
0.153,0.396769,0.0191662
hello
0,0.695295,0.0488192
0.1955,0.249643,0.000957247
0.0005,0.696529,0.0394721
0.1585,0.374029,0.00309512
0.1585,0.374068,0.00309784
0.153,0.381536,0.00391325
0.153,0.381536,0.00391325
hello
0.0075,0.684114,0.48026
0.1955,0.257456,0.00867247
0.0015,0.706898,0.378893
0.1585,0.412354,0.0300512
0.1585,0.412408,0.0300784
0.153,0.416523,0.0382325
0.153,0.416523,0.0382325
hello
0.0322,0.657631,0.517748
0.2892,0.112526,0.00546296
0.007,0.669042,0.388324
0.1984,0.348571,0.0421578
0.1914,0.403563,0.0545588
0.185,0.361534,0.0603733
0.178,0.413888,0.0754874
hello
0,0.694669,0.127436
0.2892,0.111542,0.00117259
0.0002,0.702841,0.0993054
0.1984,0.32467,0.00851156
0.1914,0.365292,0.0109918
0.185,0.336698,0.0121547
0.178,0.376816,0.0151775
hello
0.1034,0.586483,0.57166
0.2892,0.115034,0.0108259
0.073,0.586744,0.363772
0.1984,0.367692,0.0842156
0.1914,0.423103,0.109018
0.185,0.381305,0.120647
0.178,0.435115,0.150875
hello
