0.174,0.369873,0.685652
0.4414,0.00413561,0.00551419
0.0418,0.478645,0.442328
0.0801,0.29879,0.276942
0.1261,0.270013,0.201619
0.0851,0.262589,0.250856
0.1319,0.21984,0.179231
hello
0.0049,0.549052,0.19907
0.4292,0.00272834,0.0011396
0.0001,0.535885,0.0986724
0.0617,0.130726,0.060035
0.1098,0.108213,0.0428241
0.0675,0.11084,0.0546206
0.1165,0.0893728,0.039401
hello
0.3065,0.172328,0.732348
0.4258,0.00323965,0.010821
0.128,0.299396,0.535678
0.1334,0.207485,0.365359
0.1619,0.194173,0.272343
0.1398,0.177108,0.33203
0.1624,0.165989,0.25719
hello
0.009,0.577807,0.112156
0.33,0.012662,0.00392998
0,0.578007,0.0633825
0.028,0.255862,0.0581708
0.08,0.192508,0.0314568
0.036,0.208863,0.0488706
0.087,0.161585,0.0293133
hello
0,0.533568,0.0251232
0.307,0.012404,0.00094781
0,0.534555,0.0141824
0.058,0.0952258,0.0127138
0.106,0.0671964,0.00572927
0.069,0.0717628,0.00941519
0.11,0.0604878,0.00543292
hello
0.009,0.577683,0.229404
0.363,0.0235372,0.00885035
0.001,0.583366,0.123461
0.054,0.351094,0.106733
0.095,0.304653,0.0717064
0.064,0.273452,0.0830562
0.103,0.240835,0.0568502
hello
0.0005,0.548111,0.17482
0.3645,0.0187495,0.00508711
0,0.549611,0.0877817
0.0545,0.232135,0.0805285
0.1145,0.199398,0.0545994
0.0625,0.190573,0.0678626
0.1245,0.155016,0.0434286
hello
0,0.525143,0.0375272
0.39,0.00849706,0.0010473
0.0005,0.556345,0.0176326
0.061,0.120751,0.0165128
0.0975,0.104438,0.0112169
0.069,0.0964325,0.0140641
0.1045,0.0872291,0.0100333
hello
0.0105,0.550076,0.415668
0.3715,0.012,0.00942021
0.0045,0.574479,0.225892
0.0385,0.373686,0.181195
0.088,0.300056,0.111942
0.049,0.303882,0.149882
0.096,0.248725,0.0996242
hello
0.0318,0.535041,0.526484
0.3958,0.00966029,0.00563738
0.0138,0.546254,0.290448
0.0736,0.277701,0.18068
0.1224,0.243211,0.129944
0.0826,0.220257,0.15225
0.1302,0.182385,0.107113
hello
0.002,0.530159,0.10055
0.4274,0.00292479,0.00109871
0.0004,0.507974,0.0480555
0.0564,0.116538,0.0370772
0.1166,0.0960473,0.0248019
0.0638,0.0972235,0.033017
0.1216,0.0802887,0.0223325
hello
0.2152,0.319852,0.697484
0.4552,0.0176215,0.0103401
0.087,0.402853,0.460532
0.0978,0.317885,0.317964
0.142,0.287771,0.227469
0.1034,0.277496,0.296165
0.1456,0.258946,0.207535
hello
