0.1016,0.572828,0.65208
0.3123,0.0728743,0.00565577
0.064,0.608026,0.449786
0.2044,0.296157,0.063523
0.1934,0.376716,0.0905228
0.1972,0.301678,0.0841957
0.1845,0.392224,0.121826
hello
0.0009,0.693362,0.262424
0.3102,0.0711747,0.00120599
0,0.700595,0.200396
0.2047,0.270144,0.0126482
0.1934,0.334647,0.0182617
0.1976,0.274086,0.0167776
0.1849,0.346509,0.0242849
hello
0.1866,0.439543,0.743996
0.3123,0.074498,0.0112115
0.117,0.55128,0.544021
0.2044,0.31408,0.126946
0.1934,0.398465,0.180946
0.1972,0.319876,0.168291
0.1845,0.415237,0.243551
hello
0,0.69491,0.12028
0.273,0.198261,0.00418959
0,0.70748,0.0931626
0.208,0.37787,0.00789425
0.208,0.37787,0.00789425
0.198,0.389411,0.0119501
0.198,0.389411,0.0119501
hello
0,0.700468,0.024136
0.273,0.196527,0.000917919
0,0.70748,0.0187125
0.208,0.364838,0.00165885
0.208,0.364838,0.00165885
0.198,0.375847,0.00247002
0.198,0.375847,0.00247002
hello
0,0.719755,0.24046
0.273,0.202678,0.00827919
0,0.70748,0.186225
0.208,0.3958,0.0156885
0.208,0.3958,0.0156885
0.198,0.405874,0.0238002
0.198,0.405874,0.0238002
hello
0.0045,0.708422,0.215128
0.236,0.158073,0.00478681
0,0.707666,0.162489
0.147,0.412903,0.0207347
0.1455,0.423067,0.0214249
0.133,0.426593,0.026145
0.132,0.432083,0.0257816
hello
0,0.692333,0.0431064
0.236,0.156691,0.00103736
0,0.707666,0.0325778
0.147,0.393268,0.00422695
0.1455,0.401707,0.00436498
0.133,0.404451,0.005309
0.132,0.409673,0.00523632
hello
0.0005,0.711963,0.430156
0.236,0.161595,0.00947362
0.002,0.695802,0.31969
0.147,0.436981,0.0413695
0.1455,0.44792,0.0427498
0.133,0.451641,0.05219
0.132,0.456439,0.0514632
hello
0.0316,0.669611,0.566332
0.3,0.0910929,0.00567562
0.005,0.684142,0.426189
0.186,0.34129,0.0505285
0.1768,0.407755,0.065655
0.1776,0.351032,0.0711469
0.1684,0.418592,0.0934861
hello
0,0.695228,0.127023
0.3,0.0902963,0.00121512
0,0.704226,0.0961602
0.186,0.314606,0.0101857
0.1768,0.367196,0.013211
0.1776,0.325237,0.0143094
0.1684,0.377819,0.0187772
hello
0.0962,0.57828,0.668188
0.3,0.0931225,0.0112512
0.0588,0.604654,0.446782
0.186,0.359648,0.100957
0.1768,0.42996,0.13121
0.1776,0.369419,0.142194
0.1684,0.44084,0.186872
hello
