0.0968,0.588394,0.634984
0.3065,0.0819836,0.00562697
0.0587,0.606549,0.440162
0.1902,0.3274,0.0612209
0.1814,0.394244,0.0849068
0.1846,0.334715,0.0759405
0.1755,0.406014,0.110387
hello
0.0011,0.701084,0.244154
0.3061,0.0823289,0.00120286
0.0002,0.700297,0.187403
0.1916,0.297812,0.0124282
0.1822,0.351936,0.0170437
0.1852,0.306176,0.0154549
0.1757,0.361243,0.0221904
hello
0.1679,0.459601,0.723124
0.3065,0.0838103,0.0111539
0.1093,0.554258,0.544489
0.1902,0.346367,0.122342
0.1814,0.417696,0.169714
0.1846,0.353504,0.151781
0.1755,0.429304,0.220674
hello
0,0.712887,0.115304
0.226,0.230411,0.00425205
0,0.715088,0.088389
0.184,0.378545,0.0101662
0.184,0.378545,0.0101662
0.175,0.379777,0.0126412
0.175,0.379777,0.0126412
hello
0,0.685116,0.0231408
0.226,0.228396,0.00093041
0,0.715088,0.0177578
0.184,0.365048,0.00211325
0.184,0.365048,0.00211325
0.175,0.369957,0.00260824
0.175,0.369957,0.00260824
hello
0,0.703588,0.230508
0.226,0.235545,0.0084041
0,0.715088,0.176678
0.184,0.39753,0.0202325
0.184,0.39753,0.0202325
0.175,0.398111,0.0251824
0.175,0.398111,0.0251824
hello
0,0.709515,0.248516
0.2635,0.147356,0.00517647
0,0.708415,0.182054
0.181,0.384758,0.0264039
0.178,0.411462,0.0290747
0.175,0.395895,0.0351594
0.1725,0.418504,0.0388056
hello
0,0.696466,0.0497832
0.2635,0.146067,0.00111529
0,0.708415,0.0364908
0.181,0.361733,0.00536078
0.178,0.379383,0.00589494
0.175,0.372484,0.00711188
0.1725,0.387098,0.00784112
hello
0.0155,0.678171,0.487004
0.2635,0.150639,0.0102529
0.001,0.707377,0.359292
0.181,0.407105,0.0527078
0.178,0.433127,0.0580494
0.175,0.41806,0.0702188
0.1725,0.438476,0.0775112
hello
0.0336,0.662919,0.546056
0.3136,0.0900212,0.00557696
0.0056,0.675218,0.399521
0.2114,0.34741,0.0368456
0.2048,0.400348,0.0457994
0.2056,0.353618,0.0561924
0.1984,0.408951,0.068767
hello
0,0.701493,0.12687
0.3136,0.0892339,0.00119539
0,0.701086,0.0998443
0.2114,0.323578,0.00744912
0.2048,0.36213,0.00923988
0.2056,0.329151,0.0113185
0.1984,0.37076,0.0138334
hello
0.1166,0.570585,0.588252
0.3136,0.092027,0.0110539
0.0752,0.592445,0.366897
0.2114,0.366203,0.0735912
0.2048,0.420212,0.0914988
0.2056,0.372635,0.112285
0.1984,0.430412,0.137434
hello
