0.0004,0.57712,0.324316
0.3698,0.022125,0.0106955
0.0002,0.567494,0.0864216
0.0132,0.379959,0.13906
0.0042,0.465809,0.17127
0.0112,0.384486,0.166
0.0038,0.444057,0.206178
hello
0.2356,0.332768,0.715372
0.4978,0.00282446,0.0049606
0.0494,0.478864,0.442706
0.0706,0.299345,0.230524
0.0654,0.322309,0.231789
0.069,0.300466,0.247966
0.0638,0.326881,0.258207
hello
0.3262,0.208185,0.725932
0.514,0.000706116,0.00576445
0.166,0.292893,0.429346
0.2802,0.152687,0.218918
0.2772,0.183246,0.24621
0.1932,0.202119,0.323439
0.1902,0.230367,0.339281
hello
