0.0002,0.703784,0.18814
0.174,0.168716,0.0108066
0.0004,0.705377,0.0206945
0.0096,0.554813,0.0838419
0.0004,0.630965,0.101387
0.0084,0.55915,0.107434
0.0004,0.624934,0.126092
hello
0.1204,0.385537,0.702956
0.257,0.0164334,0.00705836
0.0336,0.553787,0.435338
0.0594,0.274957,0.165629
0.0494,0.353265,0.196481
0.0574,0.287447,0.18525
0.0468,0.368958,0.233598
hello
0.4308,0.218542,0.615812
0.5852,0.00876447,0.00611004
0.3882,0.238179,0.476535
0.579,0.0252991,0.0514703
0.5778,0.0330817,0.0547155
0.5584,0.0434946,0.0788368
0.556,0.0595931,0.107215
hello
