0.0953,0.21595,0.22182
0.09,0.23517,0.233857
0.0851,0.262589,0.250856
0.0801,0.29879,0.276942
0.0743,0.371952,0.32711
0.0714,0.446661,0.35954
0.0714,0.446661,0.35954
hello
0.0782,0.0974631,0.0494767
0.0716,0.105404,0.0523242
0.0675,0.11084,0.0546206
0.0617,0.130726,0.060035
0.0513,0.177018,0.0739631
0.0423,0.231878,0.0918599
0.0385,0.268334,0.10333
hello
0.1458,0.161856,0.305019
0.1422,0.170742,0.317334
0.1398,0.177108,0.33203
0.1334,0.207485,0.365359
0.1287,0.283391,0.409629
0.1287,0.283391,0.409629
0.1287,0.283391,0.409629
hello
0.065,0.103762,0.0308689
0.045,0.160715,0.0382783
0.036,0.208863,0.0488706
0.028,0.255862,0.0581708
0.023,0.283628,0.0595746
0.023,0.283628,0.0595746
0.023,0.283628,0.0595746
hello
0.086,0.0417095,0.00524253
0.079,0.0523899,0.00721789
0.069,0.0717628,0.00941519
0.058,0.0952258,0.0127138
0.057,0.0960624,0.012777
0.057,0.0960624,0.012777
0.057,0.0960624,0.012777
hello
0.08,0.190379,0.0604442
0.07,0.243019,0.0722685
0.064,0.273452,0.0830562
0.054,0.351094,0.106733
0.051,0.363882,0.116176
0.051,0.363882,0.116176
0.051,0.363882,0.116176
hello
0.081,0.12225,0.0489223
0.07,0.156073,0.0581821
0.0625,0.190573,0.0678626
0.0545,0.232135,0.0805285
0.05,0.254197,0.0827079
0.05,0.254197,0.0827079
0.05,0.254197,0.0827079
hello
0.0885,0.061984,0.00971205
0.0775,0.0763747,0.011397
0.069,0.0964325,0.0140641
0.061,0.120751,0.0165128
0.059,0.130231,0.0174663
0.059,0.130231,0.0174663
0.059,0.130231,0.0174663
hello
0.0625,0.193775,0.104363
0.0555,0.237161,0.124197
0.049,0.303882,0.149882
0.0385,0.373686,0.181195
0.0325,0.430519,0.206433
0.0325,0.430519,0.206433
0.0325,0.430519,0.206433
hello
0.094,0.171113,0.127894
0.0878,0.187948,0.137007
0.0826,0.220257,0.15225
0.0736,0.277701,0.18068
0.062,0.388629,0.230017
0.058,0.47558,0.255842
0.058,0.47558,0.255842
hello
0.0776,0.0762733,0.0288617
0.0696,0.0870059,0.030776
0.0638,0.0972235,0.033017
0.0564,0.116538,0.0370772
0.0464,0.156789,0.0476964
0.0408,0.192114,0.0533297
0.0406,0.193439,0.0534366
hello
0.1038,0.237826,0.262378
0.0996,0.264398,0.273428
0.1034,0.277496,0.296165
0.0978,0.317885,0.317964
0.0946,0.392536,0.352997
0.0946,0.392536,0.352997
0.0946,0.392536,0.352997
hello
