0.1086,0.599073,0.605124
0.4752,0.154474,0.0103441
0.0756,0.605056,0.367663
0.2034,0.455035,0.125872
0.2026,0.465718,0.134035
0.1866,0.471394,0.159723
0.1858,0.476576,0.175737
hello
0.093,0.59038,0.624508
0.4828,0.116129,0.0108218
0.0652,0.610314,0.456016
0.1986,0.438405,0.107781
0.1964,0.459622,0.119094
0.1864,0.445239,0.145402
0.1836,0.470288,0.165737
hello
0.1,0.577246,0.643436
0.3398,0.12818,0.0109265
0.0634,0.606458,0.361715
0.191,0.38226,0.0981321
0.184,0.441811,0.121945
0.1826,0.383946,0.135249
0.174,0.454215,0.172778
hello
0.0986,0.588775,0.6181
0.2802,0.0931225,0.0110665
0.0618,0.605917,0.369845
0.184,0.35194,0.09271
0.1738,0.428322,0.123115
0.1746,0.367063,0.132958
0.1652,0.441145,0.174585
hello
0.0954,0.576219,0.654244
0.2592,0.0723069,0.0110216
0.0626,0.597207,0.450745
0.1784,0.340109,0.0828275
0.1698,0.405126,0.11343
0.1752,0.339023,0.108171
0.1638,0.426097,0.159857
hello
