0.4408,0.211686,0.726468
0.6802,0.00258909,0.00862646
0.2544,0.313663,0.461183
0.4096,0.177645,0.255307
0.4094,0.199762,0.263481
0.3122,0.239075,0.340996
0.3112,0.247293,0.342451
hello
0.3364,0.27489,0.719716
0.5986,0.00447207,0.00751283
0.1836,0.33471,0.208698
0.1734,0.295241,0.245164
0.1798,0.300905,0.241347
0.1716,0.291774,0.255703
0.1714,0.311377,0.25525
hello
0.2724,0.2658,0.724524
0.4856,0.00211835,0.00498661
0.1166,0.314331,0.196511
0.111,0.26594,0.228232
0.1124,0.282311,0.22698
0.0992,0.269534,0.240815
0.1006,0.285931,0.23643
hello
0.11,0.396326,0.703164
0.342,0.00376595,0.00921974
0.0236,0.507777,0.380787
0.0526,0.230393,0.173931
0.038,0.323537,0.208638
0.0484,0.241779,0.187432
0.0334,0.343752,0.243083
hello
0.0002,0.57772,0.314692
0.2044,0.0197713,0.011047
0.0002,0.560196,0.0796473
0.0258,0.27282,0.0990526
0.0088,0.401408,0.145445
0.022,0.281588,0.128111
0.0074,0.408794,0.201768
hello
