0.2052,0.400049,0.680548
0.578,0.0162407,0.0101824
0.1026,0.459055,0.428664
0.1382,0.354476,0.226063
0.1352,0.37665,0.231422
0.0902,0.392065,0.300428
0.0822,0.418463,0.31485
hello
0.2038,0.391628,0.675276
0.519,0.0162407,0.0101888
0.0942,0.475513,0.422255
0.122,0.336743,0.223215
0.1202,0.367911,0.232232
0.0746,0.384332,0.312927
0.0744,0.410371,0.32589
hello
0.1556,0.389553,0.680052
0.4134,0.0136516,0.0102735
0.0376,0.502144,0.423227
0.0992,0.30421,0.196351
0.094,0.357944,0.220989
0.0614,0.322366,0.265289
0.0562,0.378982,0.293697
hello
0.0982,0.396955,0.68214
0.2916,0.0129455,0.0104445
0.0256,0.484199,0.414598
0.0832,0.238671,0.159589
0.074,0.314499,0.198436
0.0552,0.258348,0.218434
0.0444,0.34637,0.277099
hello
0.085,0.396603,0.68574
0.2364,0.0122393,0.0106999
0.0248,0.467741,0.417375
0.0764,0.207335,0.139361
0.0646,0.29152,0.182194
0.0574,0.221203,0.185394
0.0448,0.315088,0.266687
hello
