0.4722,0.208908,0.576636
0.6874,0.00766891,0.00896056
0.399,0.240118,0.44107
0.6476,0.0358989,0.0436614
0.6476,0.0358989,0.0436614
0.613,0.0625214,0.091619
0.613,0.0621074,0.0915151
hello
0.1044,0.593975,0.628068
0.4274,0.139136,0.0106658
0.0636,0.607307,0.390419
0.202,0.436749,0.114221
0.1998,0.465288,0.13042
0.1878,0.436159,0.155748
0.1834,0.477243,0.184224
hello
0.0994,0.59983,0.653876
0.3522,0.116129,0.010674
0.0566,0.61601,0.383337
0.1918,0.387992,0.096016
0.1864,0.438095,0.126644
0.182,0.389612,0.130571
0.1738,0.456828,0.18189
hello
0.1394,0.379337,0.70658
0.3312,0.0219112,0.00614243
0.0348,0.544147,0.427586
0.0576,0.299856,0.155669
0.0482,0.375816,0.190493
0.0562,0.30878,0.173673
0.0466,0.38398,0.222734
hello
0.0002,0.701264,0.189884
0.1726,0.125989,0.0110825
0,0.712101,0.0217428
0.0072,0.567235,0.0872109
0,0.630259,0.104567
0.0066,0.57138,0.112943
0,0.625888,0.131098
hello
