500
133 172
116 149
133 106
127 170
130 169
103 152
106 166
143 170
155 149
122 169
155 104
105 151
171 157
113 143
111 147
119 100
152 144
124 111
131 100
128 137
152 152
113 166
163 158
106 153
161 135
161 160
112 139
144 171
183 153
113 106
136 162
138 162
168 115
181 129
137 169
143 165
158 159
161 148
110 141
132 149
151 103
143 96
100 154
107 157
107 166
183 128
107 164
174 139
120 167
113 163
163 154
149 163
153 163
153 162
173 124
116 101
100 155
103 160
127 138
113 101
113 149
123 140
156 158
105 164
134 151
124 139
113 160
119 104
126 168
99 160
106 162
157 162
110 165
107 145
165 158
107 158
121 164
108 152
128 168
147 167
136 136
106 149
111 160
129 171
143 169
108 156
160 144
124 165
117 141
116 158
147 168
157 153
168 158
133 98
174 133
172 134
115 168
123 139
105 156
132 102
132 147
156 107
136 169
133 99
111 158
112 165
165 135
116 157
137 158
141 149
151 154
143 168
109 155
105 162
155 106
121 144
159 158
135 158
114 103
147 163
114 140
114 108
145 166
170 140
170 139
147 164
117 162
108 144
122 157
135 104
100 151
122 171
109 152
101 156
151 162
99 159
120 166
144 167
157 147
138 170
110 142
133 154
130 199
123 165
166 99
90 157
121 145
169 146
123 138
101 162
106 147
87 162
104 150
121 171
99 149
118 169
125 108
127 113
149 164
131 101
129 101
91 156
156 99
120 147
136 157
112 155
143 166
157 150
182 150
125 169
102 156
113 104
137 152
84 160
108 142
152 100
179 140
157 146
154 99
89 161
103 148
137 168
139 106
153 146
136 164
132 170
139 121
141 162
86 159
160 143
156 162
129 157
154 134
114 100
133 109
156 148
104 154
170 124
169 124
124 167
114 150
157 105
101 164
116 106
149 162
86 160
128 169
147 155
146 108
128 112
169 157
106 161
117 100
136 107
116 107
153 136
135 162
126 162
129 99
139 131
117 169
116 168
179 153
137 170
165 156
115 166
136 163
172 124
122 100
166 157
177 133
135 135
133 170
131 166
101 148
113 150
165 123
110 145
182 149
114 104
157 148
155 129
153 103
123 143
113 138
125 100
117 138
165 155
185 140
152 164
146 130
109 157
129 150
147 108
146 162
120 164
157 102
123 117
182 132
112 158
88 161
122 108
130 140
101 158
150 165
139 169
150 103
158 148
104 147
104 161
123 163
105 157
118 142
151 108
120 107
117 165
164 158
102 153
186 128
111 163
112 157
99 150
175 135
120 103
138 117
136 165
136 170
129 169
122 128
147 134
119 163
115 99
110 144
113 157
126 170
131 98
149 131
184 134
109 141
102 160
113 147
100 160
109 165
123 104
138 163
165 154
168 112
115 164
148 159
103 155
135 109
117 101
83 161
167 134
131 165
104 149
111 145
123 154
143 172
100 150
167 158
159 140
138 171
138 158
122 162
139 170
109 161
165 102
111 165
177 124
119 107
160 98
115 159
159 161
134 98
108 165
101 151
134 116
121 170
111 144
148 106
111 143
156 161
116 167
114 168
100 162
148 158
107 146
123 102
170 157
119 162
152 103
192 152
106 158
115 143
109 153
142 169
173 156
152 108
126 167
147 130
128 165
142 168
162 142
124 100
106 155
153 114
132 146
99 152
149 151
175 133
125 111
144 163
130 98
124 166
126 165
142 161
104 148
142 170
115 113
156 142
108 155
144 96
143 151
117 167
169 142
99 151
154 101
159 162
107 155
152 105
112 164
123 101
113 142
119 103
120 170
154 103
139 128
168 129
128 99
138 169
154 97
109 166
134 171
124 103
101 153
173 123
140 163
138 109
113 137
118 100
110 166
165 152
156 164
149 106
124 160
152 107
104 153
158 157
140 165
120 101
123 99
184 129
160 138
113 99
137 167
178 132
151 104
165 151
117 142
115 167
127 169
131 112
143 124
116 143
110 153
115 100
90 160
102 148
135 149
108 143
116 159
184 151
179 128
105 146
141 106
105 148
139 103
116 138
139 164
136 171
137 134
84 161
153 107
85 160
119 167
123 166
141 163
157 163
125 171
85 161
105 159
115 138
184 130
157 160
112 147
99 158
116 108
104 159
103 154
158 158
112 104
141 170
148 154
90 159
123 168
100 153
174 156
111 157
160 145
99 154
119 166
142 156
152 131
167 148
134 170
119 101
119 153
110 163
133 111
118 106
132 169
167 121
159 150
107 148
94 154
100 149
164 124
120 165
125 101
0 3 7 0 68 10 1
0 3 864 0 50 125 2
0 6 10 0 102 196 3
0 22 27 0 52 125 4
0 23 28 0 101 197 5
0 43 49 0 33 156 6
0 48 54 0 69 11 7
0 56 62 1 69 10 8
0 62 69 0 51 124 9
0 68 75 0 102 197 10
0 74 81 1 51 125 11
0 76 83 0 96 197 12
0 77 84 0 96 196 13
0 82 109 1 136 177 14
0 85 93 1 33 156 15
0 97 106 1 100 197 16
0 98 499 0 69 10 17
0 100 109 0 92 198 18
0 109 118 1 72 196 19
0 113 122 0 51 125 20
0 127 137 0 58 187 21
0 128 513 0 52 125 22
0 130 140 0 34 157 23
0 147 158 1 97 197 24
0 158 170 0 49 124 25
0 189 202 0 96 198 26
0 206 220 0 96 197 27
0 213 228 0 68 10 28
0 229 245 0 96 197 29
0 232 248 0 34 155 30
0 248 264 0 33 158 31
0 248 264 0 51 125 32
0 248 265 1 51 125 33
0 249 266 0 97 196 34
0 252 269 0 31 161 35
0 252 269 0 96 197 36
0 273 301 1 96 197 37
0 278 296 0 70 10 38
0 283 301 1 150 164 39
0 299 318 0 97 196 40
0 299 318 1 63 190 41
0 300 319 0 96 197 42
0 316 336 0 68 11 43
0 321 341 1 96 197 44
0 331 352 0 94 196 45
0 334 355 1 51 125 46
0 336 357 0 51 125 47
0 347 369 1 92 198 48
0 352 374 0 102 197 49
0 363 386 0 93 198 50
0 378 401 0 70 10 51
0 392 416 0 51 124 52
0 393 417 0 74 186 53
0 396 420 1 57 187 54
0 431 457 1 67 10 55
0 435 461 0 93 199 56
0 462 490 0 95 197 57
0 471 499 0 50 124 58
0 487 516 1 112 193 59
0 496 526 0 49 124 60
0 516 547 0 63 11 61
0 524 555 0 96 195 62
0 528 559 1 51 124 63
0 533 564 0 69 10 64
0 538 570 1 32 156 65
0 539 571 0 70 10 66
0 543 575 1 67 10 67
0 544 576 1 96 197 68
0 548 580 0 92 199 69
0 549 581 0 70 10 70
0 551 583 1 69 11 71
0 559 592 0 51 125 72
0 561 594 0 51 124 73
0 577 611 0 51 124 74
0 591 626 1 63 190 75
0 597 632 0 52 125 76
0 600 635 1 97 197 77
0 611 647 0 52 125 78
0 613 649 0 52 124 79
0 637 674 1 33 157 80
0 643 680 1 31 157 81
0 648 686 0 49 126 82
0 649 687 1 51 124 83
0 658 696 0 68 11 84
0 680 719 0 97 197 85
0 685 725 0 96 197 86
0 695 735 1 69 10 87
0 699 739 0 69 11 88
0 710 751 0 70 10 89
0 719 760 0 69 10 90
0 723 765 0 69 10 91
0 765 809 0 93 199 92
0 777 821 0 69 11 93
0 778 822 0 96 197 94
0 784 829 1 96 197 95
0 799 844 0 69 11 96
0 808 854 0 96 196 97
0 810 856 0 69 11 98
0 834 881 0 95 197 99
0 846 894 0 146 165 100
0 866 915 0 101 197 101
0 873 922 0 33 156 102
0 876 926 1 58 185 103
0 881 931 1 51 125 104
0 883 933 1 51 124 105
0 887 937 1 57 187 106
0 894 944 0 33 155 107
0 913 964 0 52 180 108
0 931 983 1 50 124 109
0 939 992 0 135 177 110
0 951 1005 0 95 196 111
0 956 1010 0 99 196 112
0 967 1021 0 70 11 113
0 968 1022 0 130 172 114
0 971 1026 1 68 11 115
0 1004 1060 0 110 196 116
0 1018 1075 0 2 167 117
0 1031 1089 0 63 190 118
0 1038 1096 0 96 196 119
0 1038 1544 0 53 126 120
0 1039 1097 0 51 125 121
0 1041 1099 0 98 196 122
0 1066 1126 1 101 197 123
0 1074 1134 1 69 11 124
0 1075 1135 0 52 125 125
0 1075 1135 0 69 11 126
0 1083 1143 0 96 197 127
0 1091 1152 0 95 197 128
0 1098 1159 0 69 11 129
0 1103 1164 0 34 133 130
0 1109 1171 0 96 197 131
0 1115 1177 1 65 10 132
0 1121 1183 0 52 111 133
0 1123 1186 1 96 195 134
0 1124 1187 0 97 196 135
0 1166 1231 0 54 126 136
0 1166 1231 0 100 196 137
0 1169 1234 0 51 125 138
0 1172 1237 1 96 196 139
0 1173 1238 0 68 11 140
0 1176 1241 0 70 10 141
0 1177 1242 1 95 197 142
0 1183 1249 0 96 197 143
0 1191 1257 0 103 196 144
0 1194 1260 0 95 190 145
0 1203 1270 1 96 197 146
0 1207 1274 0 51 125 147
0 1213 1280 0 96 196 148
0 1218 1286 1 69 10 149
0 1234 1302 1 57 186 150
0 1238 1307 1 50 124 151
0 1248 1317 0 96 197 152
0 1259 1329 0 57 188 153
0 1267 1337 0 94 197 154
0 1268 1338 0 51 124 155
0 1292 1363 0 96 197 156
0 1297 1369 0 93 198 157
0 1305 1377 0 69 11 158
0 1309 1381 0 51 124 159
0 1315 1388 0 101 196 160
0 1328 1401 0 51 125 161
0 1340 1414 0 34 155 162
0 1340 1414 0 51 125 163
0 1348 1422 1 96 197 164
0 1358 1433 1 53 127 165
0 1363 1438 0 65 11 166
0 1363 1438 0 67 174 167
0 1369 1444 0 61 10 168
0 1372 1841 0 100 196 169
0 1391 1468 0 95 198 170
0 1391 1468 0 101 197 171
0 1402 1479 1 140 24 172
0 1432 1511 0 101 197 173
0 1439 1518 1 69 11 174
0 1445 1524 0 36 154 175
0 1445 1524 1 68 11 176
0 1455 1535 0 97 197 177
0 1474 1555 0 96 197 178
0 1476 1557 1 69 11 179
0 1482 1563 1 68 11 180
0 1490 1572 1 64 188 181
0 1496 1578 1 96 196 182
0 1497 1579 1 57 187 183
0 1532 1616 0 96 196 184
0 1536 1620 0 51 124 185
0 1543 1628 0 51 125 186
0 1544 1629 0 70 11 187
0 1544 1629 1 68 11 188
0 1559 1645 0 117 190 189
0 1575 1661 0 51 124 190
0 1578 1665 0 54 121 191
0 1605 1693 0 96 197 192
0 1615 1703 0 69 10 193
0 1618 1707 0 52 125 194
0 1621 1710 0 99 196 195
0 1625 1714 0 93 198 196
0 1625 1714 1 96 198 197
0 1637 1727 1 70 11 198
0 1641 1731 0 68 10 199
0 1650 1740 0 57 187 200
0 1662 1753 1 69 10 201
0 1672 1763 1 96 197 202
0 1674 1766 0 68 10 203
0 1676 1768 1 68 11 204
0 1682 1774 0 94 198 205
0 1702 1795 1 93 197 206
0 1710 1803 0 96 197 207
0 1717 1811 0 70 10 208
0 1720 1814 1 71 10 209
0 1724 1818 0 97 196 210
0 1750 1846 0 96 197 211
0 1755 1851 1 69 10 212
0 1756 1852 0 69 11 213
0 1758 1854 0 68 10 214
0 1770 1867 1 96 198 215
0 1771 1868 0 53 124 216
0 1772 1869 0 51 125 217
0 1772 1869 0 78 190 218
0 1787 1884 0 51 124 219
0 1790 1888 1 33 156 220
0 1797 1895 1 101 196 221
0 1803 1901 1 61 9 222
0 1805 1903 0 69 10 223
0 1806 1905 0 53 125 224
0 1809 1908 1 53 134 225
0 1817 1916 0 95 197 226
0 1818 1917 0 51 125 227
0 1825 1924 0 57 187 228
0 1842 1942 0 52 111 229
0 1842 1942 0 52 125 230
0 1842 1942 0 67 11 231
0 1857 1958 0 51 124 232
0 1858 1959 0 69 11 233
0 1859 1960 0 67 10 234
0 1861 1962 0 69 11 235
0 1862 1963 1 96 198 236
0 1883 1986 0 68 10 237
0 1883 1986 0 95 197 238
0 1886 1989 1 69 11 239
0 1893 1996 0 98 197 240
0 1893 1996 1 70 11 241
0 1897 2000 1 33 156 242
24 921 1612 1 33 157 243
29 153 1948 1 33 157 244
30 641 934 1 63 21 245
31 41 1637 1 33 156 246
36 24 105 0 33 156 247
36 84 255 0 34 157 248
39 3 821 0 33 156 249
40 1 243 0 32 158 250
45 217 1203 1 33 157 251
46 608 1682 1 33 156 252
47 99 1984 1 33 156 253
47 416 1238 0 33 156 254
49 168 1930 1 33 157 255
53 18 824 1 68 169 256
53 22 283 1 61 189 257
54 76 1448 1 57 187 258
61 43 426 1 57 187 259
61 54 684 1 55 162 260
62 22 1046 1 96 197 261
69 73 686 1 51 125 262
70 31 958 1 68 11 263
72 6 693 1 35 151 264
72 431 1932 1 50 185 265
75 63 472 1 87 198 266
82 80 291 1 58 186 267
82 376 1599 1 57 188 268
83 15 539 1 88 198 269
83 1004 1446 1 57 186 270
88 1 1042 0 57 187 271
91 14 1465 1 57 187 272
92 300 1304 0 57 186 273
94 399 1521 1 57 187 274
95 19 1086 1 58 187 275
100 127 1836 0 34 154 276
102 11 1182 1 60 188 277
111 13 271 1 32 157 278
116 22 295 0 32 159 279
116 175 1787 1 33 156 280
123 22 882 1 105 194 281
127 58 263 1 69 11 282
127 283 715 0 33 157 283
129 422 1501 0 12 163 284
138 4 188 1 118 188 285
142 1 1032 1 79 196 286
142 35 1344 1 33 154 287
143 18 1939 1 33 157 288
143 65 868 1 34 157 289
145 129 1981 1 34 156 290
154 19 791 1 33 156 291
157 81 1977 1 33 156 292
165 32 787 1 33 157 293
166 1013 1605 1 35 154 294
168 96 985 1 70 10 295
168 208 1030 1 91 193 296
168 394 1267 0 57 186 297
171 1 247 0 58 183 298
176 21 1446 1 33 157 299
184 3 259 1 31 153 300
189 56 357 1 88 199 301
192 13 472 1 97 197 302
192 44 1250 1 97 196 303
194 12 1931 0 58 187 304
196 61 1929 1 57 188 305
201 8 249 0 57 188 306
202 206 1264 1 58 185 307
205 26 711 1 52 125 308
205 222 453 1 52 125 309
206 558 1076 1 51 125 310
208 4 285 1 52 125 311
208 192 1169 1 51 124 312
208 279 723 1 51 125 313
210 267 1892 1 51 124 314
211 177 1280 0 51 124 315
212 47 1267 1 51 124 316
212 1160 1434 0 51 125 317
215 663 1019 0 51 124 318
216 1 235 1 52 124 319
216 93 576 1 51 124 320
218 28 1932 1 51 124 321
219 69 915 0 50 124 322
222 23 677 1 50 124 323
223 156 1417 1 51 124 324
225 1277 1669 1 50 124 325
229 53 555 1 50 124 326
234 31 1603 1 97 196 327
236 259 864 0 97 196 328
243 14 323 1 33 157 329
243 33 1031 1 33 157 330
249 26 556 0 33 157 331
249 69 1023 0 33 157 332
250 51 1838 1 33 157 333
256 23 975 1 34 157 334
260 114 1888 1 33 157 335
263 180 1417 0 34 157 336
267 248 595 0 33 156 337
268 426 897 1 33 157 338
279 69 1820 0 35 158 339
283 1 508 0 33 157 340
283 1464 1826 1 32 157 341
287 411 1827 1 33 157 342
291 217 849 0 33 157 343
291 356 1094 0 33 157 344
293 1 407 1 34 157 345
297 20 458 0 33 157 346
301 1340 1714 1 33 157 347
305 68 878 0 33 157 348
307 256 1301 1 32 157 349
308 60 918 1 32 157 350
311 143 868 0 33 157 351
316 64 1491 1 33 157 352
316 246 1836 0 32 157 353
317 1109 1989 0 36 155 354
320 885 1253 0 33 156 355
330 19 1753 1 33 157 356
338 40 1475 1 33 157 357
341 19 642 0 33 156 358
342 3 640 1 33 157 359
343 6 1270 1 33 157 360
344 5 708 1 33 157 361
346 99 1451 1 32 157 362
348 24 1185 1 33 157 363
349 177 1250 0 33 157 364
351 449 1842 1 32 158 365
359 94 1154 1 33 157 366
360 21 1444 1 32 157 367
362 1 1292 1 32 158 368
366 57 1730 0 70 10 369
369 539 1020 0 69 10 370
370 50 769 1 34 156 371
372 136 1368 1 48 177 372
372 147 1593 1 34 157 373
373 85 1160 0 147 165 374
376 28 797 0 63 190 375
376 33 426 0 57 186 376
377 22 682 0 58 186 377
384 98 1783 1 82 13 378
385 4 1588 1 57 187 379
387 12 685 0 33 156 380
387 53 851 1 33 156 381
391 72 1376 1 41 159 382
394 1 489 0 43 166 383
398 446 1197 1 1 168 384
399 230 1848 1 123 185 385
400 66 1697 1 188 86 386
406 1065 1529 0 40 153 387
407 32 705 0 57 187 388
409 199 1182 0 89 199 389
414 3 887 1 33 158 390
414 56 1000 1 57 187 391
416 23 964 1 33 158 392
416 63 1929 1 31 158 393
419 68 620 1 140 175 394
419 365 1028 0 51 124 395
426 353 1574 1 96 196 396
429 10 1157 1 57 187 397
430 59 1516 1 70 162 398
433 10 806 1 57 187 399
434 380 1583 1 81 172 400
437 67 1844 1 57 187 401
440 73 1174 0 33 156 402
441 106 1627 1 32 155 403
445 444 1717 1 58 187 404
446 98 1329 1 33 158 405
448 10 1458 1 62 119 406
451 82 1807 1 34 156 407
452 22 907 1 33 156 408
452 32 551 0 31 157 409
457 335 1686 1 33 156 410
460 10 1430 1 34 156 411
461 5 592 1 34 156 412
464 100 1361 1 34 154 413
470 1001 1565 1 79 197 414
472 160 643 1 59 185 415
472 1028 1557 0 60 188 416
473 1 512 1 52 186 417
474 1 1604 1 59 185 418
478 4 1615 1 53 185 419
480 240 1679 0 60 189 420
482 169 1846 1 77 189 421
484 5 711 1 60 189 422
486 32 1205 1 60 189 423
492 5 713 1 65 10 424
493 66 966 1 88 5 425
494 211 1936 1 88 4 426
497 8 546 1 70 10 427
502 20 705 0 69 10 428
512 24 1239 1 188 86 429
514 247 1538 1 188 86 430
519 139 1977 1 189 86 431
520 10 1120 1 49 177 432
520 24 856 1 49 177 433
527 79 811 1 2 168 434
527 441 1520 0 84 181 435
530 72 1106 1 93 199 436
533 692 1453 1 96 196 437
535 52 922 1 57 188 438
536 255 1490 0 71 12 439
537 13 815 1 33 157 440
537 13 835 0 92 199 441
537 45 1537 1 57 188 442
542 8 1168 1 59 187 443
542 345 1649 1 58 188 444
543 16 1047 1 58 187 445
543 55 968 1 90 199 446
545 115 1346 1 57 187 447
546 132 1808 0 58 186 448
549 689 1600 1 57 187 449
550 13 1053 1 64 189 450
551 13 1859 0 57 187 451
551 62 1577 0 57 188 452
552 1 1918 0 57 188 453
553 25 1522 1 63 190 454
559 3 584 1 51 124 455
561 38 1352 0 51 124 456
562 314 1782 0 50 124 457
565 8 980 1 2 168 458
567 1 1282 0 34 156 459
567 24 780 0 11 167 460
571 65 1331 1 57 188 461
573 636 1296 0 58 188 462
574 77 1472 1 57 187 463
581 52 1064 1 60 188 464
581 724 1345 1 57 188 465
582 14 1462 1 57 188 466
585 235 1861 1 57 188 467
591 7 752 1 59 188 468
591 72 1054 1 63 190 469
591 106 1389 1 59 188 470
591 413 1977 1 57 187 471
594 1 1451 1 57 188 472
595 24 1173 1 58 188 473
600 201 1373 1 58 188 474
601 55 1222 1 53 185 475
603 31 1582 0 63 190 476
611 20 1081 1 58 186 477
617 1 1820 0 55 162 478
619 1 677 1 57 186 479
620 1211 1896 0 64 189 480
621 55 1704 0 70 195 481
627 26 853 0 60 177 482
631 298 947 1 57 186 483
632 105 1294 1 56 185 484
635 69 1089 1 60 186 485
637 746 1802 1 96 197 486
639 5 745 1 62 189 487
639 49 1411 0 58 185 488
639 155 1326 1 58 186 489
640 85 865 1 60 189 490
641 5 752 0 60 189 491
641 128 1080 1 58 188 492
641 330 1770 1 57 186 493
644 9 1563 1 57 187 494
648 209 1191 1 63 190 495
649 42 1586 1 62 189 496
649 99 1719 0 57 187 497
651 321 1802 0 58 186 498
655 1 988 0 33 158 499
657 20 1098 1 31 157 500
659 118 1939 1 34 155 501
662 1 1928 1 33 155 502
664 4 739 1 33 157 503
664 46 1287 1 33 157 504
665 24 1161 1 33 156 505
665 39 1772 1 32 158 506
667 169 1601 0 33 156 507
668 807 1999 1 33 156 508
670 37 1547 1 31 153 509
670 39 1105 0 35 138 510
670 44 1823 1 33 158 511
674 102 1904 1 36 156 512
675 1 850 1 31 153 513
675 82 1453 1 30 156 514
676 5 725 1 135 177 515
677 443 1301 1 97 196 516
679 55 1917 1 93 188 517
684 114 1969 1 98 197 518
689 94 1488 1 95 195 519
692 113 1500 1 94 198 520
693 10 933 1 110 196 521
697 171 1408 0 67 10 522
697 175 1821 0 53 183 523
699 169 976 1 57 188 524
700 183 1156 1 58 186 525
702 112 1060 1 58 186 526
703 98 1285 1 58 186 527
704 19 1085 0 57 188 528
705 9 935 1 60 189 529
706 8 1947 1 56 186 530
706 38 1703 1 95 197 531
709 91 1425 1 97 196 532
712 1 725 0 103 197 533
712 22 1138 0 101 196 534
715 37 1387 0 95 195 535
716 56 1972 0 96 196 536
719 6 835 1 97 196 537
719 297 1226 1 96 197 538
719 487 1735 0 103 197 539
720 80 1438 1 98 197 540
720 170 1329 1 96 197 541
726 7 1723 0 93 198 542
726 231 1626 0 100 194 543
727 313 1464 1 101 196 544
728 506 1262 1 95 198 545
729 5 941 1 94 196 546
730 76 1149 1 96 197 547
732 326 1611 1 102 189 548
734 82 1468 1 95 198 549
737 72 1518 1 95 197 550
741 160 1451 1 98 197 551
741 468 1237 0 93 198 552
742 288 1048 0 96 196 553
743 269 1775 1 109 196 554
744 33 1258 1 96 196 555
745 11 919 1 97 196 556
745 25 1379 1 94 197 557
747 48 1694 1 102 197 558
747 806 1599 0 96 196 559
749 88 1459 1 94 197 560
753 11 990 1 96 193 561
754 64 1383 1 96 195 562
758 161 1861 1 96 196 563
760 11 1029 1 96 197 564
760 227 1564 1 97 196 565
761 108 1128 1 109 196 566
762 51 1757 1 93 197 567
765 128 1680 0 95 197 568
766 7 1165 1 97 197 569
766 34 1938 1 98 196 570
769 84 1866 1 93 197 571
769 109 1671 1 93 198 572
770 77 1861 1 96 194 573
771 44 1136 1 93 198 574
773 392 1187 0 96 196 575
773 757 1571 0 95 198 576
773 890 1711 0 95 195 577
784 67 1621 0 94 197 578
787 43 1617 1 97 197 579
788 1 990 0 96 196 580
789 39 1547 0 96 197 581
790 269 1798 1 96 197 582
792 9 813 1 96 197 583
793 1 1058 0 96 196 584
793 16 1073 1 97 197 585
796 54 1861 1 94 198 586
797 20 831 1 95 197 587
798 40 1579 1 95 198 588
800 112 1747 1 96 197 589
802 80 1942 1 95 197 590
803 471 1935 0 95 196 591
805 18 902 0 95 198 592
805 241 1640 1 97 196 593
809 16 1297 1 94 198 594
809 22 1338 1 99 197 595
811 31 1564 1 95 197 596
812 318 1865 1 97 195 597
812 355 1479 1 96 197 598
814 925 1790 0 97 197 599
817 1094 1971 0 95 195 600
819 14 1149 0 63 190 601
819 761 1623 1 34 154 602
821 43 1463 1 58 187 603
826 40 1278 0 58 186 604
831 32 1197 1 57 187 605
838 1 945 1 63 191 606
840 26 1730 1 58 186 607
842 31 1475 1 64 189 608
844 43 1746 1 56 187 609
844 45 950 1 56 187 610
844 490 1909 1 56 187 611
845 202 1439 1 88 199 612
854 533 1417 0 57 186 613
859 4 1054 1 57 187 614
859 25 1835 1 59 188 615
865 32 1701 1 57 187 616
875 37 1601 1 59 185 617
876 11 1175 1 57 187 618
877 182 1919 1 57 188 619
881 135 1785 1 60 182 620
881 238 1186 1 57 187 621
882 454 1985 0 57 186 622
885 518 1983 1 57 187 623
886 250 1330 0 53 184 624
888 133 1963 1 58 188 625
889 2 910 1 54 186 626
889 32 1275 1 59 188 627
891 124 1893 1 58 185 628
891 879 1820 0 57 187 629
899 74 1904 1 57 172 630
903 20 1082 1 57 188 631
903 170 1296 1 59 187 632
904 68 1341 1 75 182 633
909 41 1307 1 91 198 634
911 36 1201 1 46 183 635
912 39 1218 1 57 187 636
912 377 1590 1 63 190 637
916 74 1558 1 58 184 638
918 1 1035 1 57 188 639
918 23 1359 1 61 189 640
923 22 948 0 57 187 641
923 114 1919 1 57 188 642
924 2 1416 1 61 189 643
927 276 1854 1 62 190 644
934 249 1588 1 57 187 645
935 2 1424 0 89 199 646
941 3 1815 0 56 186 647
942 5 1017 0 64 190 648
942 686 1760 1 100 196 649
946 141 1450 0 95 195 650
950 32 1322 0 57 186 651
953 392 1800 1 59 188 652
954 51 1650 1 63 190 653
954 70 1331 1 58 186 654
962 17 1540 1 58 186 655
966 353 1799 1 64 192 656
967 44 1952 1 63 189 657
967 113 1259 0 56 185 658
969 46 1395 1 101 197 659
984 3 1043 1 103 195 660
984 4 1076 1 53 186 661
985 5 1022 0 56 184 662
986 50 1251 1 64 190 663
989 21 1535 1 61 189 664
998 80 1411 0 58 185 665
1011 70 1679 1 57 187 666
1018 188 1458 0 58 187 667
1019 19 1994 1 57 187 668
1021 56 1557 1 57 187 669
1022 14 1513 1 62 189 670
1034 12 1131 1 59 185 671
1035 13 1619 1 58 187 672
1039 164 1647 1 58 188 673
1045 24 1878 1 58 186 674
1046 1 1561 1 58 187 675
1046 3 1157 1 57 186 676
1048 3 1116 1 58 186 677
1048 55 1951 1 57 186 678
1049 20 1272 1 59 186 679
1062 21 1330 0 57 186 680
1065 77 1931 1 58 187 681
1065 288 1435 1 39 181 682
1076 80 1288 0 59 186 683
1078 837 1961 0 58 187 684
1085 5 1232 1 58 187 685
1092 337 1450 1 57 185 686
1093 18 1261 1 58 188 687
1093 79 1760 1 58 187 688
1097 13 1761 1 58 188 689
1097 63 1322 1 57 186 690
1102 41 1315 1 55 185 691
1106 2 1698 1 64 190 692
1106 64 1584 0 33 157 693
1110 745 1898 1 60 188 694
1113 1 1131 0 51 185 695
1115 125 1934 0 53 186 696
1115 315 1903 0 60 188 697
1118 803 1965 1 60 189 698
1119 312 1451 0 58 185 699
1120 103 1928 1 50 184 700
1126 7 1381 1 58 186 701
1134 84 1959 1 65 176 702
1136 2 1534 1 51 124 703
1139 401 1829 1 33 135 704
1151 2 1171 1 69 11 705
1151 76 1765 1 96 191 706
1152 182 1639 1 69 11 707
1153 60 1722 1 68 11 708
1154 355 1529 1 70 10 709
1162 3 1213 1 57 186 710
1162 22 1393 1 58 186 711
1163 12 1861 0 58 186 712
1164 3 1812 1 63 190 713
1168 8 1342 1 58 186 714
1172 58 1629 1 58 188 715
1173 1 1591 1 58 187 716
1178 30 1844 0 64 190 717
1181 218 1953 1 63 190 718
1182 13 1497 1 57 188 719
1192 58 1731 1 60 188 720
1193 41 1339 1 57 187 721
1194 99 1616 1 59 188 722
1212 6 1834 1 58 185 723
1214 7 1349 0 58 185 724
1218 185 1741 1 60 189 725
1222 68 1850 1 56 186 726
1234 163 1408 1 58 185 727
1237 433 1956 1 58 185 728
1240 386 1829 1 57 186 729
1243 1 1935 1 56 185 730
1243 97 1700 1 57 188 731
1249 14 1858 1 56 186 732
1251 10 1757 1 56 186 733
1258 2 1743 1 63 190 734
1259 13 1441 1 64 189 735
1259 18 1510 0 60 188 736
1260 10 1468 0 56 187 737
1261 8 1370 1 53 186 738
1263 26 1439 0 62 189 739
1264 53 1816 0 54 186 740
1265 11 1606 0 61 188 741
1265 51 1992 1 64 190 742
1268 3 1955 1 32 159 743
1268 16 1614 1 33 160 744
1270 35 1639 1 31 161 745
1271 37 1777 1 33 156 746
1271 656 1963 1 61 189 747
1274 131 1582 0 58 186 748
1279 3 1502 1 57 187 749
1279 62 1854 1 61 189 750
1285 1 1512 1 61 189 751
1286 8 1351 1 53 186 752
1286 76 1987 1 58 187 753
1290 2 1659 1 58 186 754
1290 208 1721 1 53 186 755
1294 36 1527 1 57 187 756
1295 1 1370 1 58 187 757
1295 49 1777 1 63 190 758
1298 20 1639 1 48 177 759
1298 519 1846 1 60 173 760
1300 197 1510 0 49 177 761
1303 13 1646 1 48 177 762
1304 158 1770 1 48 178 763
1305 1 1669 0 49 177 764
1305 43 1804 1 49 177 765
1305 45 1829 1 48 177 766
1305 87 1867 1 48 177 767
1310 17 1962 1 48 177 768
1310 50 1370 0 48 177 769
1311 7 1488 1 49 177 770
1311 11 1431 1 47 177 771
1319 3 1625 0 96 197 772
1320 263 1675 1 49 177 773
1322 168 1840 1 2 168 774
1327 23 1410 1 7 159 775
1329 3 1384 1 2 168 776
1332 43 1446 0 13 163 777
1335 1 1642 1 8 158 778
1335 58 1464 1 2 169 779
1339 11 1453 0 11 167 780
1339 14 1551 1 2 168 781
1340 4 1708 1 101 197 782
1344 50 1487 1 93 198 783
1348 41 1631 1 60 188 784
1349 17 1612 1 58 186 785
1352 11 1677 1 61 189 786
1359 1 1368 1 65 10 787
1361 70 1922 1 51 124 788
1385 24 1647 1 51 125 789
1388 7 1531 0 51 124 790
1388 18 1618 1 50 125 791
1392 10 1625 1 50 124 792
1395 8 1844 0 50 124 793
1395 253 1819 1 51 125 794
1401 149 1975 0 51 124 795
1402 25 1777 1 51 125 796
1404 345 1944 1 51 125 797
1407 2 1931 0 50 125 798
1408 1 1802 0 49 124 799
1408 267 1692 0 51 126 800
1409 33 1875 1 52 125 801
1410 18 1841 1 51 124 802
1417 120 1928 1 51 126 803
1424 1 1479 1 51 125 804
1425 136 1941 0 51 125 805
1428 113 1955 1 51 124 806
1437 3 1453 1 53 125 807
1440 36 1765 0 50 125 808
1446 83 1651 1 51 124 809
1447 114 1850 1 51 125 810
1451 37 1853 1 50 124 811
1451 46 1828 0 51 124 812
1455 19 1513 1 50 124 813
1455 37 1829 1 51 124 814
1463 1 1799 1 188 86 815
1464 37 1799 1 51 124 816
1466 128 1899 1 50 124 817
1467 2 1844 1 11 167 818
1472 14 1633 1 51 124 819
1474 35 1997 1 57 186 820
1476 415 1916 1 31 166 821
1477 33 1761 1 51 124 822
1478 26 1616 1 48 177 823
1478 55 1899 1 51 124 824
1482 17 1802 1 69 10 825
1484 36 1739 1 69 10 826
1490 68 1563 1 58 187 827
1491 9 1529 1 57 187 828
1494 31 1587 0 65 191 829
1496 31 1634 1 58 187 830
1496 153 1791 1 58 186 831
1503 2 1739 1 59 186 832
1503 8 1979 1 59 186 833
1506 28 1917 0 57 187 834
1508 1 1570 0 55 184 835
1508 4 1694 1 63 190 836
1508 25 1536 1 57 187 837
1508 141 1757 1 33 156 838
1510 5 1620 1 33 158 839
1511 16 1797 1 32 153 840
1513 8 1589 1 32 157 841
1513 18 1761 1 32 157 842
1521 13 1648 1 32 157 843
1522 41 1784 1 101 197 844
1527 25 1775 1 96 191 845
1528 10 1747 1 34 157 846
1529 217 1952 1 2 168 847
1530 16 1657 1 12 164 848
1532 42 1724 1 2 168 849
1535 92 1893 1 56 187 850
1537 6 1818 0 10 167 851
1544 1 1574 1 2 168 852
1549 50 1852 1 58 187 853
1556 10 1798 1 2 168 854
1557 11 1928 1 13 162 855
1561 1 1567 1 11 167 856
1561 1 1631 1 56 187 857
1561 1 1904 0 2 169 858
1563 14 1930 1 58 188 859
1566 28 1811 1 11 167 860
1568 10 1593 1 3 168 861
1568 22 1601 1 2 169 862
1577 2 1619 1 38 148 863
1577 55 1958 1 58 187 864
1580 2 1770 1 13 160 865
1589 52 1919 0 3 168 866
1591 1 1711 0 57 187 867
1597 21 1743 0 11 167 868
1599 48 1732 1 58 188 869
1600 8 1694 1 4 168 870
1600 10 1710 1 57 188 871
1605 33 1873 1 56 187 872
1611 72 1959 0 56 187 873
1613 1 1679 1 58 188 874
1614 17 1708 1 58 187 875
1615 358 1994 0 58 187 876
1618 4 1708 1 58 187 877
1618 40 1838 1 57 187 878
1620 5 1876 1 58 187 879
1622 3 1682 1 58 187 880
1624 28 1656 0 58 187 881
1625 25 1880 1 58 187 882
1626 5 1703 1 58 185 883
1627 5 1687 0 58 187 884
1627 244 1886 1 57 187 885
1628 30 1885 1 57 187 886
1634 51 1903 1 58 186 887
1638 108 1755 0 57 188 888
1648 5 1682 1 58 187 889
1653 15 1772 1 58 187 890
1658 88 1763 1 57 186 891
1664 63 1892 1 58 187 892
1665 32 1953 1 57 187 893
1666 1 1918 0 58 187 894
1670 27 1865 1 58 187 895
1671 7 1738 1 58 187 896
1671 11 1772 0 57 187 897
1672 37 1941 1 57 187 898
1674 23 1909 1 57 187 899
1676 1 1864 0 51 125 900
1676 14 1821 1 51 124 901
1677 16 1875 0 188 87 902
1678 2 1725 0 50 124 903
1678 3 1812 1 51 124 904
1678 42 1920 0 51 124 905
1680 18 1849 0 51 124 906
1681 53 1766 1 50 124 907
1681 87 1926 1 51 124 908
1682 36 1934 1 51 124 909
1682 44 1940 1 50 124 910
1682 47 1926 1 50 125 911
1694 1 1888 1 51 124 912
1699 47 1871 1 50 124 913
1700 8 1922 1 49 124 914
1709 3 1734 0 51 124 915
1710 25 1977 1 53 126 916
1710 108 1855 1 52 125 917
1711 19 1742 0 52 125 918
1716 11 1772 1 61 122 919
1718 6 1946 1 50 124 920
1722 3 1816 1 32 157 921
1723 33 1985 1 35 154 922
1728 1 1937 0 51 125 923
1730 95 1867 0 50 124 924
1732 6 1744 1 52 124 925
1733 1 1750 1 32 157 926
1733 5 1827 1 35 155 927
1734 8 1787 1 32 157 928
1738 7 1860 1 34 157 929
1743 5 1973 1 33 156 930
1748 1 1756 1 33 158 931
1750 28 1992 0 33 158 932
1751 7 1887 1 33 158 933
1754 35 1958 1 33 157 934
1755 32 1864 0 33 157 935
1756 20 1828 0 33 158 936
1763 50 1911 0 33 156 937
1765 24 1817 0 34 156 938
1772 1 1925 0 67 10 939
1774 54 1833 0 69 10 940
1777 5 1796 1 68 10 941
1781 40 1886 1 68 11 942
1781 156 1947 0 69 11 943
1782 16 1969 1 68 11 944
1788 27 1949 0 65 10 945
1790 57 1851 1 65 10 946
1792 1 1940 1 69 10 947
1795 16 1882 1 68 11 948
1798 10 1895 1 67 10 949
1800 122 1932 0 67 10 950
1801 33 1881 1 68 11 951
1808 24 1988 0 68 11 952
1809 19 1953 1 68 11 953
1810 1 1854 1 68 11 954
1814 8 1876 0 69 10 955
1818 2 1828 1 69 11 956
1820 4 1892 1 67 10 957
1820 14 1930 1 66 10 958
1822 4 1868 1 65 10 959
1822 4 1921 1 68 10 960
1824 2 1843 1 71 10 961
1824 9 1860 0 68 10 962
1832 2 1886 1 50 126 963
1832 2 1910 1 49 124 964
1839 30 1998 1 51 124 965
1842 10 1945 1 49 124 966
1843 4 1900 1 50 124 967
1845 23 1926 1 49 124 968
1849 5 1875 0 47 125 969
1849 10 1906 1 50 124 970
1853 2 1894 1 51 124 971
1854 9 1884 1 50 124 972
1857 4 1884 1 50 128 973
1860 14 1962 1 49 126 974
1861 4 1948 1 50 125 975
1867 6 1886 1 190 115 976
1867 33 1967 1 47 124 977
1868 4 1951 1 188 86 978
1869 19 1990 0 188 86 979
1870 5 1955 1 51 125 980
1871 8 1949 1 96 198 981
1872 6 1981 0 97 197 982
1873 1 1915 1 95 197 983
1874 3 1926 1 95 197 984
1875 34 1973 0 95 197 985
1877 2 1947 1 95 197 986
1878 4 1949 1 95 197 987
1879 2 1943 1 98 197 988
1879 10 1964 1 96 197 989
1881 58 1945 1 98 196 990
1882 1 1971 1 98 196 991
1890 19 1970 1 99 197 992
1891 6 1928 1 92 199 993
1892 6 1996 1 93 198 994
1893 42 1942 0 112 193 995
1894 1 1908 1 93 198 996
1894 4 1919 0 61 189 997
1898 3 1908 1 59 186 998
1898 8 1948 1 57 186 999
1899 3 1950 1 61 189 1000
