100
133 172
116 149
133 106
127 170
130 169
103 152
106 166
143 170
155 149
122 169
155 104
105 151
171 157
113 143
111 147
119 100
152 144
124 111
131 100
128 137
152 152
113 166
163 158
106 153
161 135
161 160
112 139
144 171
183 153
113 106
136 162
138 162
168 115
181 129
137 169
143 165
158 159
161 148
110 141
132 149
151 103
143 96
100 154
107 157
107 166
183 128
107 164
174 139
120 167
113 163
163 154
149 163
153 163
153 162
173 124
116 101
100 155
103 160
127 138
113 101
113 149
123 140
156 158
105 164
134 151
124 139
113 160
119 104
126 168
99 160
106 162
157 162
110 165
107 145
165 158
107 158
121 164
108 152
128 168
147 167
136 136
106 149
111 160
129 171
143 169
108 156
160 144
124 165
117 141
116 158
147 168
157 153
168 158
133 98
174 133
172 134
115 168
123 139
105 156
132 102
0 68 75 0 102 197 1
0 229 245 0 96 197 2
0 248 264 0 33 158 3
0 252 269 0 96 197 4
0 283 301 0 96 197 5
0 299 318 1 63 190 6
0 299 318 1 97 196 7
0 300 319 0 96 197 8
0 393 417 1 74 186 9
0 685 725 0 96 197 10
0 784 829 0 96 197 11
0 834 881 1 95 197 12
0 956 1010 0 99 196 13
0 1031 1089 1 63 190 14
0 1091 1152 1 95 197 15
0 1123 1186 0 96 195 16
0 1166 1231 0 100 196 17
0 1203 1270 0 96 197 18
0 1248 1317 1 96 197 19
0 1267 1337 0 94 197 20
0 1363 1438 0 67 174 21
0 1455 1535 0 97 197 22
0 1682 1774 0 94 198 23
0 1770 1867 0 96 198 24
0 1772 1869 1 78 190 25
0 1897 2000 0 33 156 26
34 440 1987 1 95 198 27
75 29 1874 1 93 198 28
134 95 1786 1 96 197 29
165 31 770 1 101 196 30
269 147 1521 1 96 197 31
306 9 1210 0 96 198 32
382 50 1683 0 92 198 33
390 8 630 1 96 196 34
425 79 751 1 93 198 35
440 12 557 1 97 197 36
450 668 1218 0 146 165 37
454 101 1389 1 95 190 38
466 534 1833 1 97 196 39
528 12 644 1 96 196 40
532 383 1750 1 95 197 41
537 2 1028 1 96 196 42
544 1 1240 1 136 177 43
548 277 1123 0 93 198 44
558 79 1249 0 117 190 45
591 9 802 1 101 197 46
594 50 1420 1 96 196 47
602 42 1334 0 135 177 48
623 9 1889 1 101 197 49
631 49 685 0 96 197 50
641 117 1324 0 101 197 51
667 224 1097 1 96 197 52
684 65 1306 1 102 196 53
727 532 1289 1 101 196 54
760 56 1924 1 98 196 55
769 1 778 1 98 197 56
769 39 1579 1 96 197 57
771 19 928 1 96 198 58
779 46 1730 1 100 196 59
781 33 1582 0 101 197 60
877 103 1565 1 96 197 61
921 1 928 1 96 197 62
926 24 1095 1 96 195 63
954 30 1358 1 95 197 64
962 175 1602 0 95 197 65
989 23 1586 1 97 196 66
1009 53 1547 0 93 199 67
1016 2 1027 1 96 198 68
1045 76 1257 1 95 196 69
1057 207 1629 1 96 197 70
1134 4 1171 0 96 197 71
1174 7 1833 1 96 197 72
1190 52 1357 0 96 197 73
1208 16 1761 1 103 196 74
1230 417 1672 0 96 197 75
1256 33 1484 1 102 197 76
1269 57 1891 0 94 196 77
1303 2 1324 1 100 197 78
1313 2 1335 1 96 196 79
1322 316 1876 1 92 199 80
1339 33 1716 1 112 193 81
1404 102 1621 1 92 198 82
1427 62 1831 1 110 196 83
1504 48 1908 1 95 197 84
1601 2 1902 1 94 198 85
1603 64 1958 1 97 197 86
1627 77 1711 0 96 196 87
1648 21 1730 1 96 197 88
1653 7 1711 1 2 167 89
1657 8 1669 1 93 197 90
1667 4 1934 1 31 161 91
1776 6 1858 1 34 155 92
1789 12 1881 0 51 124 93
1797 15 1883 1 69 11 94
1818 14 1887 0 57 188 95
1826 6 1950 1 69 11 96
1833 6 1972 1 68 10 97
1860 1 1984 0 69 11 98
1872 3 1941 1 69 10 99
1898 8 1985 0 70 11 100
