50
133 172
116 149
133 106
127 170
130 169
103 152
106 166
143 170
155 149
122 169
155 104
105 151
171 157
113 143
111 147
119 100
152 144
124 111
131 100
128 137
152 152
113 166
163 158
106 153
161 135
161 160
112 139
144 171
183 153
113 106
136 162
138 162
168 115
181 129
137 169
143 165
158 159
161 148
110 141
132 149
151 103
143 96
100 154
107 157
107 166
183 128
107 164
174 139
120 167
113 163
0 68 75 1 102 197 1
0 229 245 0 96 197 2
0 248 264 1 33 158 3
0 252 269 0 96 197 4
0 283 301 0 96 197 5
0 299 318 0 63 190 6
0 299 318 0 97 196 7
0 300 319 0 96 197 8
0 347 369 0 92 198 9
0 363 386 1 93 198 10
0 393 417 1 74 186 11
0 600 635 0 97 197 12
0 685 725 1 96 197 13
0 784 829 0 96 197 14
0 834 881 0 95 197 15
0 846 894 0 146 165 16
0 956 1010 1 99 196 17
0 1031 1089 0 63 190 18
0 1091 1152 1 95 197 19
0 1123 1186 1 96 195 20
0 1166 1231 1 100 196 21
0 1194 1260 0 95 190 22
0 1203 1270 0 96 197 23
0 1248 1317 0 96 197 24
0 1267 1337 0 94 197 25
0 1315 1388 1 101 196 26
0 1348 1422 1 96 197 27
0 1363 1438 1 67 174 28
0 1391 1468 0 95 198 29
0 1455 1535 0 97 197 30
0 1496 1578 0 96 196 31
0 1625 1714 0 93 198 32
0 1625 1714 1 96 198 33
0 1682 1774 0 94 198 34
0 1724 1818 0 97 196 35
0 1750 1846 1 96 197 36
0 1770 1867 0 96 198 37
0 1772 1869 1 78 190 38
0 1897 2000 0 33 156 39
42 27 794 1 96 196 40
49 18 214 1 95 197 41
55 47 692 1 96 196 42
70 1 82 0 136 177 43
73 378 577 1 93 198 44
84 3 127 0 117 190 45
88 1 130 1 101 197 46
94 16 925 1 96 196 47
96 1 1760 1 135 177 48
111 1 1915 0 96 197 49
111 14 512 0 101 197 50
197 333 1693 1 101 197 51
201 22 1166 1 96 197 52
215 673 925 0 102 196 53
218 19 1355 1 101 196 54
233 59 1549 1 98 196 55
236 202 1996 1 98 197 56
238 55 424 0 96 197 57
243 8 310 0 96 198 58
251 101 1004 1 100 196 59
260 26 538 1 101 197 60
265 1136 1463 1 96 197 61
277 50 1255 1 96 197 62
285 1 1331 1 95 197 63
285 48 807 1 96 195 64
302 73 1830 1 95 197 65
344 152 1007 0 97 196 66
350 17 1217 1 93 199 67
360 12 469 1 96 198 68
372 558 1803 0 95 196 69
389 374 1980 0 96 197 70
393 13 438 1 96 197 71
393 92 1993 1 96 197 72
411 89 928 1 96 197 73
437 196 1578 1 103 196 74
495 127 1669 1 96 197 75
495 149 1382 1 102 197 76
514 25 622 1 94 196 77
525 47 619 1 100 197 78
530 46 900 1 96 196 79
539 77 901 0 92 199 80
548 14 829 1 92 198 81
548 86 1716 1 112 193 82
554 61 1816 1 110 196 83
571 42 1116 1 95 197 84
585 59 1200 1 94 198 85
595 32 1994 1 97 197 86
616 14 1438 1 96 196 87
636 35 1721 1 96 197 88
639 40 1300 1 2 167 89
649 159 985 1 93 197 90
673 185 1661 1 31 161 91
675 270 1738 1 34 155 92
680 6 801 0 51 124 93
685 1 1955 1 69 11 94
688 168 945 1 57 188 95
702 64 1134 1 69 11 96
702 291 1735 1 68 10 97
727 28 1606 1 69 11 98
744 56 1167 1 69 10 99
760 86 1067 1 70 11 100
767 41 1528 1 70 11 101
774 33 1291 1 69 10 102
778 756 1576 1 70 11 103
782 50 1704 1 69 11 104
787 45 1663 1 69 11 105
793 57 1166 1 68 11 106
797 548 1683 1 68 11 107
801 470 1299 1 68 10 108
805 1 818 1 69 10 109
811 90 1621 1 69 11 110
822 365 1464 1 68 11 111
834 2 1325 1 67 10 112
836 1 1241 0 70 10 113
837 94 1852 1 69 11 114
880 7 1859 1 71 10 115
888 76 1515 1 69 11 116
910 244 1882 1 69 11 117
917 58 1090 1 69 10 118
917 103 1651 1 68 11 119
943 28 1607 1 70 10 120
944 78 1500 1 68 11 121
944 81 1791 1 68 11 122
952 21 1597 1 67 11 123
953 68 1026 0 70 11 124
954 51 1644 1 69 10 125
968 169 1491 0 69 11 126
971 1 1562 1 70 10 127
984 11 1226 1 69 10 128
996 14 1600 1 69 11 129
1035 216 1590 1 69 10 130
1046 36 1173 0 68 10 131
1048 30 1983 1 69 11 132
1052 39 1555 1 69 10 133
1056 12 1567 1 70 10 134
1091 109 1968 1 69 11 135
1102 17 1191 1 68 11 136
1119 155 1761 1 68 10 137
1123 1 1243 1 70 10 138
1137 10 1482 1 68 10 139
1156 100 1272 0 69 10 140
1162 22 1352 1 69 10 141
1168 25 1716 1 69 11 142
1181 30 1653 1 51 124 143
1193 264 1964 1 51 124 144
1208 79 1958 1 51 124 145
1216 413 1653 0 51 125 146
1218 24 1752 1 51 124 147
1249 12 1768 1 51 125 148
1251 19 1563 1 51 125 149
1279 309 1997 1 51 125 150
1291 148 1497 1 51 125 151
1300 18 1478 1 51 125 152
1303 74 1950 1 51 124 153
1328 37 1831 1 51 125 154
1339 21 1587 1 51 125 155
1342 2 1726 1 51 125 156
1346 92 1585 1 51 124 157
1382 168 1808 1 49 126 158
1387 7 1523 1 53 127 159
1393 19 1873 1 54 126 160
1472 8 1568 1 51 124 161
1476 3 1595 1 50 124 162
1476 421 1923 1 52 125 163
1505 59 1929 0 34 133 164
1508 1 1750 0 52 111 165
1517 38 1883 1 51 124 166
1527 3 1571 1 53 124 167
1567 103 1701 1 52 125 168
1603 44 1903 1 52 111 169
1614 17 1778 1 52 125 170
1617 3 1650 1 51 124 171
1625 21 1999 0 51 124 172
1639 4 1731 1 51 124 173
1644 17 1980 1 51 124 174
1649 32 1909 1 51 125 175
1660 18 1703 0 51 125 176
1668 57 1771 0 51 125 177
1679 63 1757 0 52 125 178
1681 31 1730 1 51 125 179
1687 3 1785 1 52 125 180
1700 1 1865 0 50 124 181
1735 7 1874 0 53 126 182
1737 10 1935 1 50 125 183
1740 6 1860 1 53 134 184
1763 5 1843 1 49 124 185
1777 37 1818 1 51 125 186
1779 8 1791 0 53 125 187
1791 193 1998 1 54 121 188
1814 5 1861 1 52 124 189
1866 10 1945 1 52 125 190
1867 3 1917 1 51 125 191
1869 8 1894 1 72 196 192
1869 9 1921 1 51 125 193
1878 2 1954 1 67 10 194
1878 5 1970 1 70 10 195
1887 56 1999 0 61 10 196
1890 14 1951 1 63 11 197
1893 19 1917 0 36 154 198
1893 32 1934 0 63 190 199
1896 5 1987 1 65 10 200
