500
133 172
116 149
133 106
127 170
130 169
103 152
106 166
143 170
155 149
122 169
155 104
105 151
171 157
113 143
111 147
119 100
152 144
124 111
131 100
128 137
152 152
113 166
163 158
106 153
161 135
161 160
112 139
144 171
183 153
113 106
136 162
138 162
168 115
181 129
137 169
143 165
158 159
161 148
110 141
132 149
151 103
143 96
100 154
107 157
107 166
183 128
107 164
174 139
120 167
113 163
163 154
149 163
153 163
153 162
173 124
116 101
100 155
103 160
127 138
113 101
113 149
123 140
156 158
105 164
134 151
124 139
113 160
119 104
126 168
99 160
106 162
157 162
110 165
107 145
165 158
107 158
121 164
108 152
128 168
147 167
136 136
106 149
111 160
129 171
143 169
108 156
160 144
124 165
117 141
116 158
147 168
157 153
168 158
133 98
174 133
172 134
115 168
123 139
105 156
132 102
132 147
156 107
136 169
133 99
111 158
112 165
165 135
116 157
137 158
141 149
151 154
143 168
109 155
105 162
155 106
121 144
159 158
135 158
114 103
147 163
114 140
114 108
145 166
170 140
170 139
147 164
117 162
108 144
122 157
135 104
100 151
122 171
109 152
101 156
151 162
99 159
120 166
144 167
157 147
138 170
110 142
133 154
130 199
123 165
166 99
90 157
121 145
169 146
123 138
101 162
106 147
87 162
104 150
121 171
99 149
118 169
125 108
127 113
149 164
131 101
129 101
91 156
156 99
120 147
136 157
112 155
143 166
157 150
182 150
125 169
102 156
113 104
137 152
84 160
108 142
152 100
179 140
157 146
154 99
89 161
103 148
137 168
139 106
153 146
136 164
132 170
139 121
141 162
86 159
160 143
156 162
129 157
154 134
114 100
133 109
156 148
104 154
170 124
169 124
124 167
114 150
157 105
101 164
116 106
149 162
86 160
128 169
147 155
146 108
128 112
169 157
106 161
117 100
136 107
116 107
153 136
135 162
126 162
129 99
139 131
117 169
116 168
179 153
137 170
165 156
115 166
136 163
172 124
122 100
166 157
177 133
135 135
133 170
131 166
101 148
113 150
165 123
110 145
182 149
114 104
157 148
155 129
153 103
123 143
113 138
125 100
117 138
165 155
185 140
152 164
146 130
109 157
129 150
147 108
146 162
120 164
157 102
123 117
182 132
112 158
88 161
122 108
130 140
101 158
150 165
139 169
150 103
158 148
104 147
104 161
123 163
105 157
118 142
151 108
120 107
117 165
164 158
102 153
186 128
111 163
112 157
99 150
175 135
120 103
138 117
136 165
136 170
129 169
122 128
147 134
119 163
115 99
110 144
113 157
126 170
131 98
149 131
184 134
109 141
102 160
113 147
100 160
109 165
123 104
138 163
165 154
168 112
115 164
148 159
103 155
135 109
117 101
83 161
167 134
131 165
104 149
111 145
123 154
143 172
100 150
167 158
159 140
138 171
138 158
122 162
139 170
109 161
165 102
111 165
177 124
119 107
160 98
115 159
159 161
134 98
108 165
101 151
134 116
121 170
111 144
148 106
111 143
156 161
116 167
114 168
100 162
148 158
107 146
123 102
170 157
119 162
152 103
192 152
106 158
115 143
109 153
142 169
173 156
152 108
126 167
147 130
128 165
142 168
162 142
124 100
106 155
153 114
132 146
99 152
149 151
175 133
125 111
144 163
130 98
124 166
126 165
142 161
104 148
142 170
115 113
156 142
108 155
144 96
143 151
117 167
169 142
99 151
154 101
159 162
107 155
152 105
112 164
123 101
113 142
119 103
120 170
154 103
139 128
168 129
128 99
138 169
154 97
109 166
134 171
124 103
101 153
173 123
140 163
138 109
113 137
118 100
110 166
165 152
156 164
149 106
124 160
152 107
104 153
158 157
140 165
120 101
123 99
184 129
160 138
113 99
137 167
178 132
151 104
165 151
117 142
115 167
127 169
131 112
143 124
116 143
110 153
115 100
90 160
102 148
135 149
108 143
116 159
184 151
179 128
105 146
141 106
105 148
139 103
116 138
139 164
136 171
137 134
84 161
153 107
85 160
119 167
123 166
141 163
157 163
125 171
85 161
105 159
115 138
184 130
157 160
112 147
99 158
116 108
104 159
103 154
158 158
112 104
141 170
148 154
90 159
123 168
100 153
174 156
111 157
160 145
99 154
119 166
142 156
152 131
167 148
134 170
119 101
119 153
110 163
133 111
118 106
132 169
167 121
159 150
107 148
94 154
100 149
164 124
120 165
125 101
0 3 7 0 68 10 1
0 6 10 1 102 196 2
0 23 28 0 101 197 3
0 48 54 1 69 11 4
0 56 62 0 69 10 5
0 62 69 0 51 124 6
0 68 75 1 102 197 7
0 76 83 1 96 197 8
0 77 84 0 96 196 9
0 97 106 1 100 197 10
0 100 109 1 92 198 11
0 100 109 1 136 177 12
0 147 158 0 97 197 13
0 189 202 0 96 198 14
0 206 220 0 96 197 15
0 213 228 0 68 10 16
0 229 245 1 96 197 17
0 248 264 0 33 158 18
0 252 269 0 31 161 19
0 252 269 1 96 197 20
0 283 301 1 96 197 21
0 299 318 0 63 190 22
0 299 318 0 97 196 23
0 300 319 0 96 197 24
0 316 336 0 68 11 25
0 321 341 0 96 197 26
0 331 352 0 94 196 27
0 347 369 0 92 198 28
0 352 374 1 102 197 29
0 363 386 0 93 198 30
0 393 417 0 74 186 31
0 462 490 0 95 197 32
0 487 516 0 112 193 33
0 524 555 0 96 195 34
0 543 575 0 67 10 35
0 544 576 1 96 197 36
0 548 580 1 92 199 37
0 551 583 1 69 11 38
0 600 635 0 97 197 39
0 600 735 0 69 10 40
0 685 725 0 96 197 41
0 699 739 0 69 11 42
0 719 760 0 69 10 43
0 765 809 1 93 199 44
0 777 821 0 69 11 45
0 784 829 0 96 197 46
0 808 854 1 96 196 47
0 810 856 0 69 11 48
0 821 1257 0 103 196 49
0 834 881 0 95 197 50
0 846 894 1 146 165 51
0 939 992 0 135 177 52
0 951 1005 0 95 196 53
0 956 1010 0 99 196 54
0 967 1021 1 70 11 55
0 1004 1060 0 110 196 56
0 1013 1249 1 96 197 57
0 1018 1075 0 2 167 58
0 1031 1089 1 63 190 59
0 1038 1096 0 96 196 60
0 1041 1099 1 98 196 61
0 1066 1126 0 101 197 62
0 1075 1135 1 69 11 63
0 1083 1143 0 96 197 64
0 1091 1152 0 95 197 65
0 1098 1159 1 69 11 66
0 1109 1171 0 96 197 67
0 1123 1186 0 96 195 68
0 1124 1187 0 97 196 69
0 1166 1231 1 100 196 70
0 1172 1237 1 96 196 71
0 1173 1238 0 68 11 72
0 1176 1241 1 70 10 73
0 1177 1242 0 95 197 74
0 1194 1260 1 95 190 75
0 1203 1270 0 96 197 76
0 1221 1578 1 96 196 77
0 1248 1317 0 96 197 78
0 1259 1329 1 57 188 79
0 1267 1337 1 94 197 80
0 1292 1363 0 96 197 81
0 1297 1369 1 93 198 82
0 1315 1388 0 101 196 83
0 1331 1763 1 96 197 84
0 1340 1414 1 34 155 85
0 1348 1422 0 96 197 86
0 1363 1438 0 67 174 87
0 1391 1468 0 95 198 88
0 1391 1468 1 101 197 89
0 1432 1511 0 101 197 90
0 1445 1524 0 68 11 91
0 1455 1535 1 97 197 92
0 1474 1555 0 96 197 93
0 1482 1563 0 68 11 94
0 1532 1616 0 96 196 95
0 1559 1645 1 117 190 96
0 1605 1693 0 96 197 97
0 1625 1714 0 93 198 98
0 1625 1714 1 96 198 99
0 1637 1727 0 70 11 100
0 1676 1768 0 68 11 101
0 1682 1774 0 94 198 102
0 1702 1795 0 93 197 103
0 1717 1811 0 70 10 104
0 1720 1814 1 71 10 105
0 1724 1818 0 97 196 106
0 1746 1841 1 100 196 107
0 1750 1846 1 96 197 108
0 1770 1867 0 96 198 109
0 1772 1869 0 78 190 110
0 1797 1895 0 101 196 111
0 1805 1903 0 69 10 112
0 1817 1916 0 95 197 113
0 1858 1959 0 69 11 114
0 1861 1962 0 69 11 115
0 1862 1963 0 96 198 116
0 1883 1986 0 95 197 117
0 1893 1996 0 70 11 118
0 1893 1996 0 98 197 119
0 1897 2000 0 33 156 120
21 83 888 1 68 11 121
26 87 825 0 70 11 122
37 80 1824 1 69 10 123
39 1 50 0 70 10 124
39 119 1743 1 69 11 125
42 21 1310 1 69 10 126
72 3 754 1 69 11 127
84 114 1965 0 69 10 128
91 1 1173 1 68 10 129
91 8 837 1 69 11 130
95 105 1096 1 69 10 131
97 35 931 0 70 10 132
107 5 630 1 69 11 133
111 3 186 0 68 11 134
127 4 1176 1 68 10 135
135 13 409 1 70 10 136
138 746 1854 1 68 10 137
144 46 1575 1 69 10 138
151 60 707 1 69 10 139
152 93 1869 0 69 11 140
161 32 363 0 51 124 141
163 135 635 0 51 124 142
174 18 1526 1 51 124 143
178 395 924 1 51 125 144
179 49 1197 1 51 124 145
186 247 928 1 51 125 146
192 4 327 1 51 125 147
192 41 1259 1 51 125 148
195 174 1468 1 52 125 149
197 49 599 1 51 125 150
197 161 720 1 51 125 151
205 4 300 1 51 124 152
208 16 562 1 51 125 153
208 21 609 1 51 125 154
208 1200 1474 1 51 125 155
225 5 283 1 51 124 156
226 1 272 1 49 126 157
229 84 959 0 53 127 158
229 94 1027 0 54 126 159
229 294 824 0 51 124 160
239 631 1332 0 52 125 161
241 256 1109 0 50 124 162
260 1 1254 1 34 133 163
274 9 628 1 52 111 164
274 10 848 1 51 124 165
277 94 1922 1 53 124 166
280 70 1503 1 52 125 167
285 1 901 1 52 111 168
286 98 1751 0 52 125 169
291 528 1644 0 51 124 170
304 180 1354 0 51 124 171
309 50 522 0 51 124 172
316 1 567 1 51 124 173
344 7 892 1 51 125 174
350 437 1988 1 51 125 175
351 17 445 1 51 125 176
355 21 467 0 52 125 177
356 25 590 1 51 125 178
364 65 1722 1 52 125 179
372 161 1709 1 50 124 180
375 11 396 0 50 125 181
375 262 1382 1 53 126 182
376 382 888 0 53 134 183
385 56 952 1 49 124 184
405 10 1878 1 53 125 185
405 471 904 0 50 124 186
405 1197 1668 0 51 125 187
416 254 1557 1 54 121 188
419 809 1768 0 52 124 189
425 142 1270 0 52 125 190
426 76 1825 1 51 125 191
426 137 1689 1 51 125 192
429 1 1300 1 72 196 193
429 10 1213 1 67 10 194
430 1 854 0 70 10 195
430 62 1354 1 61 10 196
432 50 1411 1 63 11 197
440 75 1902 1 36 154 198
445 75 1514 0 63 190 199
445 161 1621 1 65 10 200
446 19 581 1 70 10 201
446 145 1789 1 67 10 202
446 331 1457 1 61 9 203
448 18 686 0 68 10 204
450 1255 1890 0 69 11 205
462 65 534 0 68 11 206
462 1086 1978 0 69 11 207
468 1 1381 0 69 10 208
471 850 1995 1 140 24 209
472 27 1117 1 65 11 210
474 536 1785 0 96 197 211
479 46 1571 1 130 172 212
482 15 727 1 150 164 213
488 388 1926 1 99 196 214
490 9 1754 1 97 196 215
491 31 968 1 96 196 216
492 136 1970 0 58 185 217
496 96 710 1 49 124 218
503 1 1373 0 33 155 219
505 755 1302 0 64 188 220
520 125 1971 1 57 186 221
528 26 798 0 57 187 222
530 155 1918 1 57 187 223
532 1 830 1 58 187 224
539 31 693 1 57 187 225
545 339 1624 1 57 187 226
548 3 577 1 57 187 227
549 135 757 1 52 180 228
561 16 875 1 93 199 229
562 95 1861 1 33 156 230
563 14 1589 1 34 157 231
565 62 1257 0 101 197 232
567 1 1038 0 96 197 233
567 75 854 1 97 197 234
570 112 1520 0 31 157 235
577 237 1862 0 33 157 236
580 1 1080 0 32 156 237
581 31 1068 1 33 156 238
594 186 1240 1 33 156 239
614 17 1129 1 33 156 240
617 4 653 1 34 155 241
619 1 1780 1 33 157 242
622 103 1705 1 33 157 243
635 8 1432 1 63 21 244
636 30 1553 1 33 156 245
639 77 1788 1 33 156 246
640 79 894 1 34 157 247
640 114 1121 1 33 156 248
642 232 1716 1 32 158 249
644 4 1056 1 33 157 250
648 23 791 1 33 156 251
652 41 1366 0 33 156 252
652 98 1334 0 33 156 253
654 1272 1996 1 33 157 254
663 1 1189 1 61 189 255
665 30 1322 1 68 169 256
668 23 720 1 55 162 257
668 26 908 1 57 187 258
668 27 1374 0 57 187 259
669 187 1139 1 96 197 260
672 99 1046 1 51 125 261
684 58 1690 1 68 11 262
690 47 1740 1 50 185 263
692 94 1749 0 35 151 264
693 170 1909 1 87 198 265
695 1 699 1 57 188 266
696 1 1049 1 88 198 267
696 199 1284 1 58 186 268
700 509 1749 1 57 186 269
702 93 1033 1 57 187 270
702 132 1123 1 57 187 271
705 31 875 0 57 186 272
708 80 1716 1 57 187 273
712 37 1098 0 58 187 274
714 2 726 1 60 188 275
714 56 1483 1 32 157 276
714 116 1893 1 34 154 277
715 11 1175 0 33 156 278
715 625 1507 0 32 159 279
719 12 741 1 105 194 280
720 188 1145 1 69 11 281
728 191 931 1 33 157 282
728 234 976 1 12 163 283
729 507 1577 1 118 188 284
736 94 1362 1 79 196 285
736 178 1926 1 33 154 286
744 46 1150 1 33 157 287
744 242 1954 1 34 157 288
749 2 1333 1 34 156 289
758 594 1385 0 33 156 290
759 117 1947 1 33 156 291
768 40 1006 1 33 157 292
776 10 1560 1 35 154 293
777 1 1108 1 91 193 294
777 2 790 1 57 186 295
780 147 1885 1 70 10 296
781 98 1465 0 58 183 297
791 5 891 0 33 157 298
793 1 960 0 88 199 299
793 62 1762 1 31 153 300
794 14 934 0 97 197 301
796 26 1310 1 97 196 302
800 57 1283 1 58 187 303
809 6 870 1 57 188 304
822 39 1200 1 57 188 305
827 40 1654 1 58 185 306
840 40 1533 1 52 125 307
843 21 1338 1 52 125 308
848 8 1046 1 51 125 309
851 517 1605 0 51 125 310
854 803 1701 1 52 125 311
859 55 920 1 51 124 312
875 29 1163 1 51 124 313
878 28 1508 1 51 124 314
881 91 1234 0 51 124 315
885 4 1914 0 51 125 316
885 89 1082 1 51 124 317
889 3 1002 0 51 124 318
900 388 1477 0 52 124 319
903 359 1458 1 51 124 320
905 6 1788 1 50 124 321
911 13 1406 1 50 124 322
917 439 1381 1 51 124 323
918 68 1606 1 50 124 324
927 43 1170 0 50 124 325
928 2 1477 1 97 196 326
934 99 1731 1 97 197 327
935 60 1317 1 97 196 328
937 197 1952 1 33 157 329
938 44 1335 1 33 157 330
938 745 1724 0 33 157 331
946 7 973 0 33 157 332
952 68 1517 0 33 157 333
954 1 1540 1 33 157 334
954 5 1017 1 34 157 335
962 24 1771 1 34 157 336
966 56 1132 0 33 156 337
973 46 1659 1 33 157 338
990 46 1505 0 35 158 339
1017 9 1136 1 32 157 340
1018 18 1216 1 33 157 341
1020 26 1119 1 33 157 342
1021 8 1107 0 33 157 343
1021 106 1895 0 33 157 344
1044 427 1592 1 34 157 345
1049 28 1600 1 33 157 346
1049 119 1859 1 33 157 347
1050 1 1745 0 33 157 348
1051 13 1854 1 32 157 349
1051 130 1793 0 32 157 350
1060 46 1594 1 33 157 351
1077 78 1539 1 33 157 352
1085 18 1626 1 32 157 353
1085 210 1343 1 33 156 354
1085 746 1947 0 36 155 355
1093 37 1435 1 33 157 356
1108 5 1841 1 33 157 357
1115 43 1500 1 33 156 358
1129 35 1588 0 33 157 359
1133 73 1630 1 33 157 360
1139 19 1172 1 32 157 361
1139 37 1503 1 33 157 362
1143 49 1350 1 33 157 363
1153 148 1958 1 33 157 364
1160 10 1239 0 32 158 365
1160 42 1244 1 33 157 366
1163 488 1678 1 32 157 367
1171 11 1418 0 32 158 368
1174 9 1259 1 70 10 369
1177 176 1926 1 69 10 370
1178 16 1723 1 34 156 371
1185 19 1368 1 48 177 372
1185 30 1593 0 34 157 373
1189 19 1220 1 147 165 374
1228 332 1580 0 63 190 375
1228 373 1623 1 57 186 376
1238 222 1825 0 58 186 377
1243 13 1519 0 82 13 378
1249 184 1486 1 57 187 379
1251 147 1769 1 33 156 380
1251 315 1720 1 33 156 381
1258 3 1652 0 41 159 382
1263 8 1839 1 43 166 383
1263 17 1575 1 1 168 384
1264 641 1941 1 123 185 385
1265 35 1616 1 188 86 386
1269 103 1961 1 40 153 387
1269 464 1839 1 57 187 388
1270 151 1584 1 89 199 389
1271 378 1670 1 33 158 390
1272 42 1726 1 57 187 391
1274 99 1533 1 31 158 392
1314 24 1648 0 33 158 393
1320 135 1880 1 140 175 394
1326 150 1826 1 51 124 395
1352 39 1730 1 96 196 396
1355 1 1613 1 57 187 397
1355 111 1918 1 70 162 398
1365 9 1409 1 57 187 399
1371 12 1892 1 81 172 400
1388 1 1697 0 57 187 401
1395 92 1552 1 33 156 402
1398 121 1834 1 32 155 403
1404 119 1615 1 58 187 404
1417 107 1875 1 33 158 405
1418 29 1821 0 62 119 406
1420 61 1873 1 34 156 407
1433 14 1829 1 31 157 408
1435 53 1519 1 33 156 409
1436 14 1602 0 33 156 410
1440 23 1610 1 34 156 411
1451 33 1807 1 34 156 412
1457 6 1493 1 34 154 413
1464 115 1943 1 79 197 414
1466 79 1933 1 59 185 415
1477 13 1802 1 52 186 416
1477 79 1563 0 60 188 417
1478 10 1700 1 59 185 418
1483 1 1903 0 53 185 419
1483 140 1637 1 60 189 420
1485 4 1549 1 77 189 421
1485 161 1971 0 60 189 422
1495 21 1709 1 60 189 423
1503 13 1700 1 65 10 424
1505 1 1515 1 88 5 425
1511 95 1846 0 88 4 426
1514 2 1545 1 70 10 427
1514 8 1689 1 69 10 428
1516 106 1914 1 188 86 429
1519 43 1958 1 188 86 430
1528 12 1794 1 189 86 431
1531 1 1876 1 49 177 432
1532 30 1951 1 49 177 433
1544 1 1978 1 2 168 434
1546 105 2000 1 84 181 435
1548 1 1924 0 57 188 436
1548 6 1676 1 93 199 437
1549 37 1772 1 71 12 438
1556 2 1585 1 57 188 439
1556 134 1772 1 33 157 440
1557 1 1651 0 92 199 441
1563 96 1871 1 58 188 442
1569 42 1855 0 59 187 443
1575 2 1629 1 58 187 444
1576 8 1784 1 90 199 445
1581 26 1883 1 57 187 446
1584 24 1790 0 58 186 447
1588 161 1834 1 57 187 448
1594 39 1917 1 64 189 449
1597 78 1700 1 57 188 450
1617 150 1778 0 57 187 451
1625 23 1858 1 57 188 452
1628 27 1864 1 63 190 453
1631 252 1898 1 51 124 454
1637 111 1904 0 51 124 455
1639 20 1662 0 50 124 456
1641 37 1967 1 2 168 457
1647 24 1941 0 11 167 458
1648 4 1660 1 34 156 459
1649 33 1742 1 57 188 460
1649 93 1886 1 57 187 461
1649 100 1875 0 58 188 462
1657 243 1936 1 57 188 463
1658 4 1787 0 60 188 464
1660 17 1765 1 57 188 465
1667 1 1762 1 57 188 466
1667 6 1894 0 63 190 467
1671 31 1977 1 57 187 468
1672 3 1725 1 59 188 469
1672 9 1859 0 59 188 470
1676 1 1775 0 57 188 471
1681 27 1883 1 58 188 472
1681 181 1983 1 58 188 473
1696 8 1810 1 53 185 474
1719 7 1861 1 63 190 475
1720 2 1762 1 58 186 476
1723 7 1766 1 55 162 477
1737 1 1964 1 57 186 478
1739 1 1854 1 64 189 479
1740 12 1977 1 70 195 480
1751 26 1972 1 60 177 481
1792 10 1892 1 57 186 482
1799 5 1861 0 56 185 483
1809 18 1950 1 60 186 484
1817 38 1979 1 96 197 485
1820 5 1870 1 58 185 486
1821 1 1921 1 62 189 487
1826 42 1872 1 58 186 488
1830 16 1966 1 60 189 489
1835 1 1851 1 57 186 490
1855 13 1994 1 60 189 491
1858 1 1863 1 58 188 492
1861 1 1869 1 57 187 493
1863 14 1989 1 57 187 494
1882 30 1919 1 62 189 495
1883 8 1922 1 58 186 496
1887 6 1939 1 33 158 497
1889 2 1980 1 31 157 498
1897 5 1987 0 34 155 499
1898 15 1958 1 33 155 500
