50
133 172
116 149
133 106
127 170
130 169
103 152
106 166
143 170
155 149
122 169
155 104
105 151
171 157
113 143
111 147
119 100
152 144
124 111
131 100
128 137
152 152
113 166
163 158
106 153
161 135
161 160
112 139
144 171
183 153
113 106
136 162
138 162
168 115
181 129
137 169
143 165
158 159
161 148
110 141
132 149
151 103
143 96
100 154
107 157
107 166
183 128
107 164
174 139
120 167
113 163
0 2 8 1 96 197 1
0 38 71 0 78 190 2
0 146 364 0 96 197 3
0 241 383 0 33 158 4
0 278 680 1 96 197 5
0 314 487 1 33 156 6
0 392 981 0 96 197 7
0 638 1089 1 96 195 8
0 686 1863 1 67 174 9
23 550 889 0 100 196 10
24 229 521 1 94 198 11
24 665 1280 1 96 197 12
25 231 612 1 95 197 13
25 717 1777 0 102 197 14
26 623 1858 1 96 197 15
36 470 1315 0 99 196 16
45 119 280 0 96 198 17
45 182 464 0 96 197 18
46 643 1778 1 74 186 19
47 169 532 0 63 190 20
53 576 1540 1 97 197 21
53 846 1386 1 63 190 22
54 843 1564 1 97 196 23
66 144 499 1 95 197 24
72 1190 1976 0 94 197 25
74 371 654 1 96 197 26
76 390 891 1 95 198 27
95 339 666 0 93 198 28
97 417 1078 1 96 197 29
102 704 1303 0 101 196 30
105 486 1550 1 96 197 31
105 653 1727 1 96 198 32
105 928 1533 1 92 198 33
127 277 775 1 97 197 34
127 298 741 1 93 198 35
127 408 974 0 96 196 36
133 1161 1909 0 146 165 37
135 286 653 1 95 190 38
157 169 451 1 97 196 39
167 93 349 0 96 196 40
167 191 521 1 96 196 41
167 561 1466 1 95 197 42
168 333 839 1 93 198 43
168 733 1879 1 136 177 44
173 361 1246 1 117 190 45
175 371 812 1 101 197 46
178 384 904 1 96 196 47
178 642 1390 1 135 177 48
184 574 1576 1 101 197 49
188 657 1391 1 96 197 50
189 207 709 0 101 196 51
189 332 1015 1 102 196 52
189 453 1538 1 96 197 53
189 638 1953 0 101 197 54
189 724 2000 0 98 196 55
190 219 791 0 98 197 56
206 155 449 1 96 197 57
207 603 1950 1 96 198 58
209 553 1419 1 100 196 59
214 176 552 1 101 197 60
217 50 343 1 96 195 61
217 63 359 1 96 197 62
217 699 1277 0 96 197 63
218 273 681 1 95 197 64
227 907 1601 1 95 197 65
228 39 329 1 97 196 66
228 383 847 1 93 199 67
236 410 1269 1 96 198 68
237 24 311 0 95 196 69
248 693 1415 1 96 197 70
291 15 338 1 103 196 71
291 95 495 0 96 197 72
291 507 1380 1 96 197 73
291 555 1714 0 96 197 74
291 561 1641 1 96 197 75
292 301 1162 1 102 197 76
308 102 571 1 94 196 77
309 255 784 1 100 197 78
311 434 1188 0 96 196 79
311 689 1685 0 92 199 80
312 456 1491 1 112 193 81
321 34 387 1 92 198 82
321 552 1530 0 110 196 83
322 536 1529 0 95 197 84
343 504 1625 1 94 198 85
347 94 572 0 97 197 86
348 264 1106 1 96 196 87
350 423 995 1 96 197 88
363 17 410 1 2 167 89
363 620 1731 0 93 197 90
367 388 1188 1 31 161 91
373 627 1815 1 34 155 92
375 594 1332 0 51 124 93
384 472 1802 1 69 11 94
412 378 1548 1 57 188 95
414 421 1540 1 69 11 96
414 564 1959 1 68 10 97
419 642 1489 0 69 11 98
421 252 994 1 69 10 99
423 344 1103 1 70 11 100
423 523 1454 1 69 10 101
423 648 1726 1 70 11 102
425 186 958 1 70 11 103
431 229 1031 1 69 11 104
431 529 1621 1 68 11 105
431 601 1946 1 69 11 106
434 444 1288 1 68 11 107
440 596 1445 0 68 10 108
445 348 1442 1 69 10 109
452 222 1082 0 69 11 110
453 643 1505 1 68 11 111
454 330 1026 1 67 10 112
463 308 959 1 69 11 113
463 549 1361 1 70 10 114
471 209 848 1 69 11 115
471 433 1689 1 71 10 116
474 149 827 0 69 11 117
476 374 1466 1 68 11 118
476 421 1536 1 69 10 119
481 303 1035 1 70 10 120
484 52 573 1 68 11 121
496 245 1041 1 68 11 122
503 408 1348 1 70 11 123
503 564 1671 1 67 11 124
512 634 1680 1 69 10 125
515 28 588 1 69 11 126
525 132 782 1 70 10 127
536 294 1134 0 69 10 128
536 408 1345 0 69 11 129
538 129 919 1 69 10 130
545 200 890 1 68 10 131
546 202 936 1 69 11 132
546 543 1579 1 69 10 133
547 60 693 1 70 10 134
547 410 1404 1 69 11 135
548 222 1008 0 68 11 136
548 334 1478 1 68 10 137
548 338 1183 0 70 10 138
549 429 1205 1 68 10 139
554 654 1945 1 69 10 140
562 267 1039 1 69 10 141
566 738 1958 1 69 11 142
574 18 626 0 51 124 143
575 340 1556 0 51 124 144
607 474 1894 1 51 124 145
629 106 894 1 51 125 146
636 471 1621 0 51 124 147
637 552 1559 1 51 125 148
639 265 1422 1 51 125 149
640 359 1582 1 51 125 150
640 417 1856 1 52 125 151
643 398 1408 0 51 125 152
646 246 1358 1 51 125 153
647 238 1032 1 51 125 154
647 440 1337 0 51 124 155
648 159 1060 1 51 125 156
649 416 1567 1 49 126 157
649 443 1625 1 51 125 158
649 549 1803 1 51 124 159
650 401 1749 1 53 127 160
657 184 1163 0 54 126 161
659 342 1535 1 51 124 162
660 205 1267 1 52 125 163
665 10 696 1 50 124 164
668 94 936 1 34 133 165
668 327 1244 1 52 111 166
669 227 1110 1 53 124 167
669 239 1134 1 51 124 168
669 631 1936 1 52 125 169
671 150 1058 1 52 125 170
671 453 1902 1 52 111 171
679 193 1050 0 51 124 172
687 536 1719 1 51 124 173
688 469 1403 1 51 124 174
689 183 1025 0 51 124 175
690 544 1850 1 51 125 176
698 78 866 1 51 125 177
699 478 1477 1 52 125 178
699 595 1843 1 51 125 179
700 64 823 1 51 125 180
700 70 910 1 52 125 181
700 200 1227 0 50 124 182
700 236 1152 1 53 126 183
700 279 1316 1 50 124 184
700 330 1520 1 51 125 185
700 376 1517 1 53 134 186
700 382 1410 1 49 124 187
700 502 1792 1 50 125 188
701 162 1162 1 53 125 189
709 756 1925 1 54 121 190
710 450 1845 0 52 124 191
711 280 1356 0 52 125 192
716 637 1762 0 51 125 193
718 281 1247 1 51 125 194
719 102 877 1 67 10 195
719 649 1830 1 72 196 196
721 179 1143 1 61 10 197
721 304 1442 1 63 11 198
721 439 1732 1 70 10 199
730 252 1205 1 36 154 200
732 15 776 1 61 9 201
732 63 886 1 63 190 202
732 72 930 1 67 10 203
732 427 1730 0 65 10 204
742 222 1294 1 70 10 205
749 7 761 1 69 11 206
749 290 1211 0 68 10 207
750 554 1661 1 69 11 208
758 310 1571 1 68 11 209
759 463 1459 1 69 10 210
760 611 1818 1 65 11 211
762 476 1805 1 96 197 212
768 11 800 1 150 164 213
768 205 1192 1 130 172 214
770 18 812 1 99 196 215
771 483 1730 1 97 196 216
773 267 1431 0 58 185 217
773 289 1526 0 96 196 218
780 202 1122 1 49 124 219
782 225 1444 1 33 155 220
783 13 819 0 64 188 221
791 10 810 1 57 186 222
792 71 933 1 57 187 223
792 120 1026 1 57 187 224
793 374 1708 1 58 187 225
794 91 1057 1 57 187 226
797 40 862 1 57 187 227
801 210 1415 1 57 187 228
808 571 1955 1 52 180 229
812 5 823 1 93 199 230
820 112 1157 1 33 156 231
821 201 1133 1 34 157 232
823 44 911 1 101 197 233
844 67 1000 1 96 197 234
862 82 990 1 97 197 235
865 364 1871 1 31 157 236
874 414 1651 1 33 157 237
882 372 1710 1 32 156 238
883 332 1441 1 33 156 239
885 436 1756 0 33 156 240
885 457 1854 1 33 156 241
889 101 1166 0 34 155 242
890 122 1161 1 33 157 243
895 322 1770 1 33 157 244
903 107 1151 1 63 21 245
903 520 1704 1 33 156 246
905 184 1316 0 33 156 247
910 275 1712 1 34 157 248
913 56 1077 1 33 156 249
915 41 996 1 33 157 250
915 54 1021 1 33 156 251
915 302 1574 1 32 158 252
916 156 1357 1 33 156 253
916 214 1431 1 33 156 254
921 178 1315 1 33 157 255
922 348 1759 1 61 189 256
924 403 1632 1 68 169 257
927 219 1581 1 57 187 258
933 58 1088 0 55 162 259
935 336 1547 0 57 187 260
943 52 1074 1 96 197 261
944 650 1933 1 51 125 262
945 57 1054 1 68 11 263
946 360 1709 1 35 151 264
946 377 1739 1 50 185 265
947 10 977 1 57 188 266
947 65 1143 1 87 198 267
954 232 1639 1 58 186 268
955 11 976 1 88 198 269
957 124 1327 1 57 186 270
961 347 1973 0 57 187 271
966 41 1067 0 57 187 272
966 188 1521 0 57 187 273
966 231 1590 1 57 186 274
972 409 1972 1 58 187 275
994 312 1707 1 34 154 276
1005 311 1515 1 60 188 277
1013 200 1570 0 32 157 278
1016 421 1733 1 32 159 279
1018 166 1399 0 33 156 280
1018 272 1636 1 105 194 281
1024 400 1647 1 69 11 282
1027 30 1092 1 33 157 283
1028 86 1223 0 12 163 284
1028 279 1615 1 118 188 285
1029 203 1628 1 79 196 286
1035 80 1243 1 33 154 287
1038 306 1733 1 34 157 288
1039 243 1737 1 33 157 289
1046 230 1533 1 34 156 290
1054 80 1196 0 33 156 291
1056 286 1878 0 33 156 292
1057 36 1159 1 33 157 293
1059 323 1762 1 35 154 294
1065 500 1962 1 57 186 295
1069 350 1820 1 91 193 296
1070 172 1559 1 70 10 297
1077 258 1752 1 58 183 298
1084 340 1627 0 33 157 299
1089 187 1497 1 31 153 300
1096 230 1706 0 88 199 301
1097 253 1779 0 97 197 302
1110 223 1738 1 97 196 303
1128 544 1950 1 58 187 304
1131 69 1326 1 57 188 305
1137 104 1449 0 57 188 306
1139 195 1473 1 52 125 307
1139 325 1684 1 58 185 308
1141 181 1555 1 52 125 309
1147 119 1501 1 51 125 310
1150 1 1154 0 51 125 311
1152 76 1358 1 52 125 312
1159 412 1859 1 51 124 313
1160 354 1857 1 51 124 314
1162 113 1469 1 51 124 315
1167 142 1507 1 51 124 316
1171 35 1259 1 51 125 317
1180 49 1270 1 51 124 318
1181 223 1627 1 51 124 319
1190 375 1851 1 52 124 320
1191 155 1577 1 51 124 321
1191 311 1870 1 50 124 322
1192 140 1543 1 51 124 323
1192 219 1675 1 50 124 324
1199 167 1473 1 50 124 325
1200 134 1433 1 50 124 326
1201 136 1474 0 97 196 327
1210 454 1934 1 97 197 328
1218 133 1595 1 97 196 329
1223 46 1322 1 33 157 330
1240 131 1553 1 33 157 331
1240 266 1772 0 33 157 332
1248 366 1854 1 33 157 333
1249 172 1558 0 33 157 334
1259 42 1326 1 34 157 335
1263 65 1411 0 33 156 336
1263 215 1887 1 33 157 337
1264 150 1695 1 33 157 338
1269 90 1515 0 35 158 339
1269 215 1604 0 32 157 340
1270 273 1837 1 33 157 341
1271 182 1626 1 33 157 342
1271 190 1685 0 33 157 343
1272 242 1894 0 33 157 344
1274 250 1830 1 34 157 345
1274 260 1876 0 33 157 346
1279 169 1756 1 33 157 347
1280 105 1577 1 33 157 348
1283 76 1433 1 32 157 349
1283 335 1930 1 32 157 350
1283 364 1996 1 33 157 351
1285 156 1744 1 33 157 352
1291 216 1734 0 32 157 353
1293 38 1393 1 33 156 354
1293 360 1947 1 36 155 355
1300 228 1971 0 33 157 356
1302 311 1795 1 33 157 357
1304 37 1414 1 33 156 358
1305 149 1695 1 33 157 359
1311 76 1432 1 33 157 360
1311 224 1828 1 33 157 361
1313 41 1408 1 33 157 362
1313 49 1407 1 32 157 363
1313 222 1932 1 33 157 364
1322 169 1786 0 32 158 365
1335 276 1936 1 33 157 366
1344 119 1559 1 32 157 367
1345 278 1976 0 32 158 368
1346 118 1697 1 69 10 369
1346 149 1773 1 70 10 370
1353 119 1676 1 34 156 371
1361 127 1685 1 34 157 372
1374 134 1580 0 48 177 373
1376 166 1835 0 147 165 374
1382 192 1869 1 63 190 375
1395 169 1679 1 57 186 376
1396 33 1489 0 58 186 377
1396 154 1822 1 82 13 378
1397 2 1402 1 41 159 379
1397 71 1541 0 57 187 380
1397 85 1582 1 33 156 381
1397 274 1958 0 33 156 382
1402 31 1485 1 43 166 383
1404 114 1729 1 1 168 384
1404 292 1862 1 123 185 385
1425 144 1847 1 188 86 386
1435 17 1463 0 57 187 387
1435 178 1775 1 40 153 388
1435 200 1738 0 89 199 389
1436 13 1461 1 57 187 390
1436 282 1935 0 33 158 391
1437 200 1992 1 31 158 392
1446 20 1497 1 51 124 393
1446 31 1510 1 33 158 394
1446 172 1833 0 140 175 395
1455 9 1484 1 96 196 396
1456 228 1928 1 70 162 397
1456 280 1895 1 57 187 398
1464 145 1888 0 57 187 399
1476 89 1722 1 81 172 400
1478 34 1579 0 57 187 401
1479 155 1906 1 33 156 402
1484 32 1577 0 32 155 403
1495 151 1864 1 58 187 404
1495 175 1942 1 33 158 405
1496 124 1793 1 34 156 406
1496 245 1967 1 62 119 407
1498 90 1691 1 31 157 408
1507 4 1516 1 33 156 409
1508 41 1627 1 34 156 410
1508 214 1933 1 33 156 411
1509 34 1587 0 34 154 412
1509 153 1850 0 34 156 413
1515 21 1566 1 59 185 414
1515 205 1981 1 79 197 415
1519 177 1871 1 52 186 416
1527 200 1892 1 59 185 417
1529 130 1802 1 53 185 418
1529 236 1977 1 60 189 419
1530 27 1611 1 60 189 420
1530 148 1959 1 77 189 421
1556 271 1990 1 60 189 422
1568 77 1757 1 65 10 423
1578 176 1861 1 70 10 424
1578 198 1923 1 88 5 425
1581 85 1795 1 69 10 426
1588 262 1987 1 188 86 427
1599 110 1902 1 188 86 428
1606 151 1870 0 189 86 429
1627 102 1800 1 49 177 430
1631 80 1793 1 49 177 431
1632 8 1657 1 2 168 432
1634 68 1801 1 84 181 433
1637 43 1720 0 96 196 434
1637 88 1849 0 93 199 435
1638 15 1683 1 57 188 436
1648 108 1969 1 71 12 437
1649 31 1737 1 57 188 438
1649 62 1790 0 33 157 439
1651 52 1751 1 58 188 440
1651 72 1793 1 92 199 441
1660 52 1809 1 59 187 442
1660 82 1880 1 90 199 443
1660 89 1861 0 58 187 444
1662 1 1668 0 57 187 445
1669 3 1678 1 58 186 446
1672 17 1718 1 57 187 447
1681 23 1721 1 57 187 448
1681 102 1968 1 64 189 449
1681 146 1907 1 57 188 450
1682 141 1967 1 57 188 451
1683 13 1716 1 63 190 452
1732 91 1885 1 51 124 453
1734 85 1971 1 51 124 454
1735 62 1879 1 50 124 455
1735 93 1948 0 2 168 456
1739 15 1771 1 11 167 457
1741 70 1866 1 34 156 458
1743 39 1843 1 57 188 459
1746 63 1855 1 58 188 460
1750 116 1998 1 57 187 461
1764 17 1801 1 57 188 462
1764 32 1861 1 57 188 463
1764 52 1877 0 60 188 464
1771 9 1791 0 57 188 465
1775 10 1800 1 63 190 466
1782 12 1806 1 57 187 467
1794 42 1909 0 59 188 468
1802 3 1809 1 57 188 469
1802 35 1905 1 59 188 470
1805 66 1941 0 58 188 471
1815 39 1899 1 53 185 472
1815 91 1992 1 58 188 473
1816 78 1994 1 63 190 474
1826 16 1871 1 58 186 475
1833 101 1990 1 55 162 476
1834 62 1935 1 57 186 477
1835 60 1940 1 64 189 478
1836 7 1853 1 60 177 479
1836 52 1955 1 70 195 480
1854 35 1958 1 57 186 481
1855 3 1864 1 96 197 482
1855 10 1877 1 56 185 483
1855 73 1998 1 60 186 484
1863 29 1941 0 58 185 485
1866 4 1876 1 62 189 486
1867 8 1892 1 60 189 487
1867 37 1979 1 58 186 488
1868 16 1913 1 57 187 489
1868 25 1942 1 60 189 490
1868 30 1957 1 57 186 491
1868 34 1968 1 63 190 492
1868 40 1974 1 58 188 493
1869 4 1884 1 57 187 494
1875 34 1966 1 62 189 495
1875 42 1944 0 58 186 496
1893 62 1990 0 33 158 497
1894 23 1951 1 31 157 498
1895 15 1934 1 34 155 499
1897 27 1949 1 33 155 500
