50
133 172
116 149
133 106
127 170
130 169
103 152
106 166
143 170
155 149
122 169
155 104
105 151
171 157
113 143
111 147
119 100
152 144
124 111
131 100
128 137
152 152
113 166
163 158
106 153
161 135
161 160
112 139
144 171
183 153
113 106
136 162
138 162
168 115
181 129
137 169
143 165
158 159
161 148
110 141
132 149
151 103
143 96
100 154
107 157
107 166
183 128
107 164
174 139
120 167
113 163
0 15 19 0 68 11 1
0 19 23 1 33 157 2
0 23 28 0 96 197 3
0 41 47 0 97 197 4
0 45 51 0 61 9 5
0 48 54 0 69 10 6
0 51 57 1 33 157 7
0 53 59 0 34 133 8
0 57 63 0 70 11 9
0 58 64 1 57 187 10
0 58 65 0 101 197 11
0 59 66 1 105 194 12
0 60 67 0 33 157 13
0 61 68 1 68 11 14
0 70 77 0 69 11 15
0 73 80 1 50 124 16
0 74 81 0 52 125 17
0 77 84 0 58 185 18
0 90 98 0 33 156 19
0 98 107 0 33 157 20
0 101 110 0 57 187 21
0 104 113 0 32 158 22
0 109 118 0 96 197 23
0 111 120 0 94 198 24
0 114 123 0 51 125 25
0 115 124 0 55 162 26
0 118 128 0 96 197 27
0 122 132 0 33 157 28
0 127 137 0 96 197 29
0 134 145 1 52 180 30
0 145 156 0 33 157 31
0 147 158 1 51 125 32
0 147 158 1 97 197 33
0 153 165 0 103 196 34
0 157 169 0 51 124 35
0 168 180 0 146 165 36
0 171 183 1 60 188 37
0 172 185 0 82 13 38
0 179 192 1 96 197 39
0 186 199 0 101 196 40
0 186 199 1 97 196 41
0 187 200 0 95 196 42
0 194 208 0 34 157 43
0 194 208 0 70 10 44
0 199 213 1 68 11 45
0 203 217 0 130 172 46
0 208 222 0 97 196 47
0 211 226 0 96 198 48
0 214 229 0 51 124 49
0 226 241 0 87 198 50
0 230 246 0 54 126 51
0 231 247 0 102 196 52
0 231 247 1 33 154 53
0 235 251 0 33 157 54
0 237 253 1 68 10 55
0 244 260 0 69 11 56
0 246 328 1 97 197 57
0 248 264 1 51 124 58
0 248 265 0 33 157 59
0 265 282 1 96 197 60
0 267 285 0 33 158 61
0 270 288 0 68 10 62
0 274 292 1 33 157 63
0 278 296 0 57 186 64
0 284 302 1 96 197 65
0 286 304 0 41 159 66
0 291 310 0 50 124 67
0 292 311 1 33 157 68
0 293 312 0 33 157 69
0 295 314 0 69 11 70
0 295 314 1 96 196 71
0 302 321 1 70 10 72
0 310 330 0 51 125 73
0 317 337 0 33 156 74
0 319 339 0 96 197 75
0 319 339 1 49 126 76
0 320 340 0 34 157 77
0 321 341 0 96 197 78
0 326 347 0 74 186 79
0 359 381 0 68 10 80
0 361 383 0 57 187 81
0 367 390 0 31 157 82
0 373 396 0 51 124 83
0 380 403 0 96 197 84
0 381 405 0 35 151 85
0 388 412 0 53 134 86
0 388 412 0 118 188 87
0 389 413 0 58 187 88
0 406 431 1 136 177 89
0 423 449 1 96 197 90
0 427 453 1 69 11 91
0 433 459 0 63 190 92
0 444 471 0 51 125 93
0 446 473 0 34 157 94
0 452 479 0 33 157 95
0 454 481 1 98 196 96
0 457 484 0 69 10 97
0 458 486 0 57 187 98
0 459 487 1 92 199 99
0 470 498 0 32 158 100
0 472 500 0 70 10 101
0 476 505 0 57 186 102
0 480 509 0 95 198 103
0 485 514 1 69 11 104
0 486 515 0 96 197 105
0 496 526 0 33 157 106
0 496 526 1 57 188 107
0 508 538 0 135 177 108
0 523 554 0 70 10 109
0 531 562 0 33 156 110
0 537 569 0 52 125 111
0 552 585 0 33 156 112
0 560 593 0 97 196 113
0 561 594 0 71 10 114
0 573 607 0 32 157 115
0 576 610 1 52 124 116
0 582 616 0 50 125 117
0 587 621 0 51 124 118
0 596 631 0 70 11 119
0 598 633 1 52 125 120
0 605 640 0 40 153 121
0 607 642 1 101 196 122
0 609 645 0 96 197 123
0 611 647 0 96 197 124
0 613 649 1 94 198 125
0 615 651 1 61 189 126
0 616 652 1 69 10 127
0 621 657 1 51 125 128
0 629 666 1 43 166 129
0 630 667 0 51 124 130
0 634 671 0 32 157 131
0 634 671 0 97 197 132
0 637 674 1 34 155 133
0 644 681 0 51 125 134
0 647 684 0 33 157 135
0 653 691 1 64 188 136
0 661 699 1 51 124 137
0 674 713 0 69 11 138
0 674 713 0 97 197 139
0 676 715 0 34 155 140
0 676 715 0 96 197 141
0 683 722 0 33 157 142
0 688 728 1 51 124 143
0 696 736 1 95 197 144
0 715 756 1 96 196 145
0 718 759 0 33 156 146
0 719 760 0 68 169 147
0 723 765 0 51 124 148
0 725 767 0 33 156 149
0 734 776 1 33 156 150
0 744 787 0 95 197 151
0 745 788 0 33 156 152
0 753 796 1 68 10 153
0 761 804 1 70 10 154
0 764 808 0 96 197 155
0 767 811 0 68 11 156
0 769 813 0 70 11 157
0 770 814 0 33 157 158
0 770 1130 0 110 196 159
0 771 815 0 33 156 160
0 772 816 0 32 157 161
0 794 839 0 88 198 162
0 802 848 1 33 157 163
0 804 850 0 51 124 164
0 805 851 0 33 158 165
0 805 851 1 32 157 166
0 806 852 0 57 187 167
0 815 861 1 69 10 168
0 817 863 0 51 125 169
0 819 866 0 33 157 170
0 819 866 0 68 11 171
0 821 868 0 33 157 172
0 833 880 0 51 125 173
0 835 882 0 33 157 174
0 839 887 0 50 124 175
0 841 889 0 52 125 176
0 842 890 0 33 156 177
0 850 898 0 102 197 178
0 854 902 1 57 187 179
0 857 906 1 68 11 180
0 864 913 0 69 10 181
0 869 918 1 69 10 182
0 870 919 0 61 10 183
0 879 929 1 51 125 184
0 880 930 0 93 197 185
0 884 934 0 57 187 186
0 888 938 1 33 157 187
0 912 963 1 69 10 188
0 915 967 1 50 124 189
0 927 979 0 33 156 190
0 932 984 1 52 111 191
0 942 995 0 51 124 192
0 942 995 0 68 11 193
0 942 995 0 101 197 194
0 948 1001 0 57 188 195
0 953 1007 0 78 190 196
0 954 1008 0 57 188 197
0 954 1008 0 67 174 198
0 967 1021 1 70 10 199
0 968 1022 1 34 157 200
0 969 1023 1 33 157 201
0 973 1028 0 58 186 202
0 976 1031 0 53 125 203
0 982 1037 0 51 124 204
0 983 1038 1 69 11 205
0 986 1041 0 97 196 206
0 987 1042 0 102 197 207
0 994 1050 0 65 10 208
0 1000 1056 0 99 196 209
0 1004 1060 0 33 156 210
0 1010 1067 0 57 188 211
0 1012 1069 0 95 197 212
0 1016 1073 0 33 157 213
0 1020 1077 0 33 157 214
0 1028 1086 0 34 156 215
0 1029 1087 1 51 125 216
0 1033 1091 1 50 124 217
0 1035 1093 1 188 86 218
0 1036 1094 1 95 197 219
0 1057 1116 0 69 11 220
0 1064 1123 0 69 10 221
0 1064 1123 0 69 11 222
0 1065 1124 0 96 196 223
0 1065 1125 0 63 190 224
0 1074 1134 1 34 154 225
0 1077 1137 1 96 198 226
0 1078 1138 0 51 125 227
0 1081 1141 0 67 10 228
0 1084 1144 0 51 124 229
0 1084 1145 0 51 125 230
0 1093 1154 0 68 11 231
0 1099 1160 0 96 198 232
0 1107 1169 0 34 157 233
0 1107 1169 0 97 196 234
0 1111 1173 0 69 11 235
0 1114 1176 1 70 10 236
0 1116 1178 1 36 155 237
0 1125 1188 1 52 125 238
0 1128 1191 0 51 124 239
0 1142 1206 1 33 157 240
0 1150 1214 1 69 11 241
0 1172 1237 1 69 10 242
0 1175 1240 0 33 156 243
0 1175 1240 1 31 158 244
0 1176 1241 0 51 124 245
0 1176 1241 1 150 164 246
0 1178 1463 1 2 167 247
0 1179 1244 0 33 157 248
0 1187 1253 0 96 197 249
0 1190 1256 0 70 11 250
0 1200 1267 0 51 125 251
0 1204 1271 1 93 199 252
0 1214 1281 1 57 187 253
0 1218 1286 1 69 10 254
0 1219 1287 1 63 190 255
0 1222 1290 1 92 198 256
0 1224 1292 0 50 124 257
0 1228 1296 0 31 161 258
0 1230 1298 0 33 157 259
0 1235 1303 0 98 197 260
0 1236 1304 1 51 124 261
0 1239 1308 1 51 125 262
0 1248 1317 0 63 11 263
0 1264 1334 0 96 197 264
0 1265 1335 0 99 196 265
0 1266 1336 0 63 190 266
0 1279 1350 1 57 187 267
0 1287 1358 0 96 198 268
0 1289 1360 1 58 183 269
0 1302 1374 1 33 157 270
0 1312 1385 1 101 197 271
0 1317 1390 1 31 153 272
0 1327 1400 0 51 124 273
0 1339 1413 1 117 190 274
0 1361 1436 0 96 197 275
0 1365 1440 0 32 157 276
0 1369 1444 0 1 168 277
0 1370 1446 0 69 10 278
0 1372 1448 0 96 197 279
0 1377 1453 0 93 198 280
0 1381 1457 0 100 196 281
0 1394 1471 0 32 159 282
0 1394 1471 0 69 11 283
0 1396 1473 0 57 187 284
0 1402 1479 0 123 185 285
0 1404 1481 0 32 157 286
0 1413 1491 0 96 197 287
0 1414 1492 0 51 124 288
0 1420 1498 0 140 24 289
0 1435 1514 0 52 125 290
0 1441 1520 0 72 196 291
0 1441 1520 1 57 187 292
0 1446 1526 0 54 121 293
0 1449 1529 1 50 124 294
0 1449 1529 1 57 187 295
0 1450 1530 0 52 125 296
0 1464 1544 1 58 185 297
0 1475 1556 1 51 124 298
0 1483 1564 0 96 195 299
0 1488 1570 0 53 124 300
0 1494 1576 1 33 156 301
0 1496 1578 0 96 196 302
0 1496 1578 1 93 198 303
0 1500 1582 0 53 127 304
0 1505 1588 0 35 158 305
0 1507 1590 0 67 10 306
0 1509 1592 0 34 156 307
0 1512 1595 1 101 197 308
0 1513 1596 1 35 154 309
0 1514 1597 1 12 163 310
0 1517 1600 1 57 186 311
0 1524 1608 1 97 196 312
0 1525 1609 0 49 124 313
0 1546 1631 0 96 196 314
0 1558 1643 0 57 187 315
0 1559 1645 0 32 158 316
0 1559 1645 0 33 157 317
0 1560 1646 0 49 124 318
0 1562 1648 0 95 197 319
0 1564 1650 0 51 125 320
0 1564 1650 0 52 111 321
0 1574 1660 0 68 11 322
0 1586 1673 1 51 125 323
0 1588 1675 0 89 199 324
0 1597 1684 0 69 11 325
0 1598 1686 0 69 11 326
0 1603 1691 0 33 157 327
0 1604 1692 1 51 125 328
0 1611 1699 0 79 196 329
0 1617 1706 0 33 157 330
0 1618 1707 0 69 10 331
0 1620 1709 0 96 196 332
0 1621 1710 0 33 156 333
0 1624 1713 1 68 10 334
0 1639 1729 1 36 154 335
0 1640 1730 1 57 186 336
0 1643 1733 0 51 125 337
0 1643 1733 1 52 125 338
0 1654 1744 0 52 124 339
0 1656 1747 0 100 197 340
0 1657 1748 0 33 156 341
0 1657 1748 1 67 10 342
0 1658 1749 0 33 156 343
0 1669 1760 0 33 157 344
0 1669 1760 0 69 11 345
0 1674 1766 1 69 11 346
0 1674 1766 1 92 198 347
0 1680 1772 0 112 193 348
0 1694 1787 1 51 124 349
0 1699 1792 1 95 197 350
0 1700 1793 0 94 196 351
0 1703 1796 1 93 199 352
0 1705 1798 0 96 196 353
0 1711 1804 0 91 193 354
0 1711 1804 0 97 197 355
0 1728 1822 0 70 10 356
0 1731 1826 1 51 124 357
0 1733 1828 0 96 195 358
0 1735 1830 0 68 10 359
0 1737 1832 1 57 186 360
0 1742 1837 0 58 187 361
0 1742 1837 1 94 197 362
0 1746 1841 0 33 156 363
0 1752 1848 0 48 177 364
0 1758 1854 1 95 190 365
0 1761 1857 0 96 197 366
0 1765 1861 0 97 196 367
0 1770 1867 0 96 197 368
0 1770 1867 1 96 197 369
0 1772 1869 0 69 11 370
0 1776 1873 0 32 157 371
0 1782 1992 1 52 125 372
0 1784 1881 0 32 156 373
0 1785 1882 0 34 157 374
0 1793 1891 0 70 10 375
0 1798 1896 1 51 125 376
0 1801 1899 0 51 125 377
0 1808 1907 0 52 125 378
0 1808 1907 0 65 11 379
0 1810 1909 0 88 199 380
0 1811 1910 0 34 157 381
0 1813 1912 0 63 21 382
0 1830 1930 1 67 11 383
0 1832 1932 1 33 156 384
0 1839 1939 0 100 196 385
0 1839 1939 1 93 198 386
0 1851 1952 1 33 155 387
0 1859 1960 0 50 185 388
0 1860 1961 0 58 187 389
0 1873 1975 1 101 197 390
0 1891 1994 1 33 157 391
0 1897 2000 0 147 165 392
0 1897 2000 1 53 126 393
73 1339 1974 1 33 158 394
186 1070 1793 1 140 175 395
208 647 891 1 51 124 396
215 237 503 0 96 196 397
227 244 485 0 57 187 398
235 493 800 0 70 162 399
265 286 568 1 57 187 400
267 1298 1931 0 81 172 401
277 497 966 1 57 187 402
301 1406 1783 1 33 156 403
376 1098 1842 0 32 155 404
389 623 1133 0 58 187 405
393 627 1056 0 33 158 406
393 951 1397 0 62 119 407
399 945 1397 1 34 156 408
405 270 693 0 31 157 409
405 694 1139 0 33 156 410
431 733 1204 0 33 156 411
431 827 1473 1 34 156 412
473 309 919 0 34 156 413
475 222 711 0 34 154 414
505 513 1047 0 59 185 415
505 744 1291 1 79 197 416
506 1111 1677 0 60 188 417
522 438 1049 1 52 186 418
533 147 730 1 59 185 419
542 360 940 0 53 185 420
550 959 1784 1 60 189 421
553 851 1586 1 77 189 422
595 533 1159 1 60 189 423
608 153 771 0 60 189 424
614 638 1287 0 65 10 425
677 802 1771 1 88 5 426
697 168 934 1 88 4 427
713 144 911 1 70 10 428
717 990 1952 1 69 10 429
720 559 1312 1 188 86 430
733 799 1576 1 188 86 431
737 610 1381 1 189 86 432
748 108 884 1 49 177 433
758 338 1256 1 49 177 434
768 463 1259 1 2 168 435
773 924 1747 0 84 181 436
790 946 1788 1 93 199 437
819 572 1484 0 96 196 438
819 670 1528 1 57 188 439
832 647 1516 1 71 12 440
839 791 1736 1 57 188 441
882 751 1931 1 33 157 442
898 1036 1991 1 92 199 443
905 1026 1986 1 58 188 444
907 76 989 1 59 187 445
931 85 1027 0 58 187 446
933 241 1267 1 90 199 447
1003 754 1875 0 57 187 448
1070 328 1417 1 58 186 449
1077 281 1376 0 57 187 450
1088 125 1221 0 64 189 451
1092 316 1428 0 57 188 452
1092 444 1563 1 57 187 453
1119 303 1441 1 57 188 454
1153 88 1285 1 63 190 455
1158 77 1269 1 51 124 456
1178 62 1245 0 51 124 457
1190 59 1254 0 50 124 458
1213 638 1887 1 2 168 459
1216 680 1934 0 11 167 460
1226 253 1570 0 57 188 461
1226 516 1771 1 34 156 462
1227 466 1913 1 58 188 463
1230 586 1850 0 57 187 464
1238 199 1449 0 57 188 465
1243 528 1801 1 60 188 466
1247 679 1963 1 57 188 467
1251 31 1300 1 57 188 468
1268 502 1807 1 63 190 469
1271 530 1830 1 57 187 470
1279 533 1880 1 59 188 471
1308 68 1383 0 59 188 472
1318 287 1623 1 57 188 473
1373 253 1752 0 58 188 474
1402 254 1672 1 58 188 475
1424 267 1822 0 53 185 476
1429 115 1552 0 63 190 477
1429 475 1931 0 58 186 478
1490 160 1660 1 55 162 479
1575 152 1745 1 57 186 480
1605 148 1764 1 64 189 481
1614 249 1880 1 70 195 482
1615 253 1884 0 60 177 483
1628 191 1830 0 57 186 484
1639 293 1950 0 56 185 485
1657 289 1964 1 60 186 486
1669 133 1842 1 96 197 487
1679 45 1733 0 58 185 488
1711 102 1865 1 62 189 489
1771 96 1902 1 58 186 490
1781 163 1954 0 60 189 491
1800 113 1922 1 57 186 492
1817 147 1973 0 60 189 493
1821 38 1866 1 58 188 494
1824 115 1949 1 57 187 495
1826 143 1978 1 63 190 496
1845 37 1887 0 57 187 497
1862 115 1989 1 62 189 498
1893 42 1946 0 58 186 499
1893 63 1966 0 33 158 500
