50
133 172
116 149
133 106
127 170
130 169
103 152
106 166
143 170
155 149
122 169
155 104
105 151
171 157
113 143
111 147
119 100
152 144
124 111
131 100
128 137
152 152
113 166
163 158
106 153
161 135
161 160
112 139
144 171
183 153
113 106
136 162
138 162
168 115
181 129
137 169
143 165
158 159
161 148
110 141
132 149
151 103
143 96
100 154
107 157
107 166
183 128
107 164
174 139
120 167
113 163
0 27 1666 0 78 190 1
20 112 1229 1 33 158 2
21 34 1326 1 67 174 3
25 2 315 1 33 156 4
29 28 820 0 96 197 5
38 72 1652 1 96 197 6
39 71 1890 0 96 197 7
41 45 648 1 96 195 8
45 11 1678 1 96 197 9
51 28 231 0 100 196 10
52 1 738 1 96 197 11
71 64 1395 1 94 198 12
72 10 1043 1 95 197 13
73 4 110 1 96 197 14
73 516 1840 0 102 197 15
74 92 1449 0 99 196 16
75 1 1412 0 96 197 17
75 131 898 1 96 198 18
76 1 1919 0 74 186 19
82 2 102 1 63 190 20
95 70 1317 0 63 190 21
99 1 1646 0 97 197 22
111 7 356 1 97 196 23
112 444 1928 0 95 197 24
142 1 1870 1 94 197 25
143 34 358 1 96 197 26
145 4 339 1 95 198 27
148 73 1785 1 93 198 28
156 15 495 1 96 197 29
165 30 755 1 101 196 30
170 115 555 1 96 197 31
174 134 1253 1 96 198 32
179 41 1084 1 92 198 33
180 114 1057 1 96 196 34
191 1 507 0 93 198 35
192 36 1126 1 146 165 36
192 43 1317 1 97 197 37
193 46 991 1 95 190 38
195 5 1489 1 95 197 39
195 23 534 0 96 196 40
195 225 1923 1 97 196 41
196 30 1052 1 96 196 42
197 281 1539 1 136 177 43
201 136 964 0 117 190 44
203 2 233 0 101 197 45
205 9 519 1 135 177 46
205 14 601 1 96 196 47
205 23 1000 1 101 197 48
207 5 532 1 96 197 49
208 32 928 1 101 197 50
209 1 1642 0 96 197 51
210 6 341 1 102 196 52
210 185 1095 1 101 196 53
212 51 1216 1 98 197 54
212 63 1610 1 98 196 55
214 1 348 1 96 198 56
214 17 874 1 96 197 57
215 23 1019 1 100 196 58
218 62 861 1 101 197 59
222 11 1891 1 96 197 60
222 366 1969 1 96 197 61
224 16 673 0 96 195 62
228 45 839 1 95 197 63
230 51 665 1 95 197 64
233 155 1270 1 97 196 65
236 16 858 1 95 196 66
236 29 1149 1 96 198 67
236 85 737 0 93 199 68
238 115 1097 1 96 197 69
249 371 1640 1 96 197 70
250 2 522 1 96 197 71
260 30 681 1 96 197 72
269 164 1242 1 103 196 73
291 69 1555 1 96 197 74
302 24 1368 1 102 197 75
304 151 1058 1 94 196 76
304 295 1853 0 100 197 77
305 4 352 0 96 196 78
305 88 1228 1 92 199 79
309 15 619 1 112 193 80
318 37 1460 1 92 198 81
328 409 2000 1 110 196 82
340 162 988 1 95 197 83
341 37 921 0 94 198 84
342 150 1269 0 97 197 85
344 53 599 0 96 196 86
347 25 865 1 96 197 87
348 5 789 1 2 167 88
348 84 685 0 93 197 89
354 72 628 1 31 161 90
356 107 1949 1 34 155 91
357 35 1035 0 51 124 92
358 1 420 1 69 11 93
362 1 1811 1 57 188 94
364 203 1146 1 69 11 95
365 4 468 0 68 10 96
371 3 403 0 69 11 97
371 11 526 1 69 10 98
372 223 1524 1 70 11 99
375 226 1773 1 70 11 100
377 21 1688 0 69 10 101
399 3 414 1 69 11 102
399 93 1263 1 70 11 103
405 95 711 0 69 11 104
408 8 640 1 68 11 105
408 16 1415 1 68 11 106
410 2 474 1 68 10 107
417 3 1252 1 69 10 108
419 3 512 1 69 11 109
422 278 1490 1 68 11 110
424 76 1823 0 67 10 111
425 156 1870 1 70 10 112
426 115 1928 1 69 11 113
429 12 1053 1 71 10 114
430 1 728 1 69 11 115
432 54 980 1 69 11 116
432 58 1192 0 68 11 117
437 41 729 1 70 10 118
437 68 1851 1 69 10 119
440 184 1670 0 68 11 120
441 14 797 1 68 11 121
448 1 734 1 67 11 122
449 1 1579 1 70 11 123
452 36 1263 1 69 10 124
460 10 1508 1 69 11 125
464 1 1238 1 70 10 126
465 22 999 1 69 10 127
471 25 991 1 69 11 128
472 35 1464 1 69 10 129
478 1 1801 1 68 10 130
478 136 1667 1 69 11 131
487 67 1793 1 69 10 132
493 45 992 1 70 10 133
494 224 1650 1 69 11 134
498 1 1944 1 68 11 135
521 15 910 0 68 10 136
528 36 902 0 70 10 137
535 151 1663 1 68 10 138
538 17 1101 1 69 10 139
538 425 1994 0 69 10 140
543 1 588 1 51 124 141
543 1 651 0 69 11 142
543 48 1481 1 51 124 143
549 93 1715 0 51 124 144
553 13 1372 1 51 124 145
553 64 1360 1 51 125 146
554 13 779 1 51 125 147
555 1 560 1 51 125 148
557 4 1752 1 51 125 149
570 69 1506 1 52 125 150
572 149 1875 1 51 125 151
576 12 1778 1 51 125 152
583 1 1727 1 51 125 153
583 134 1902 1 51 124 154
586 32 891 1 51 125 155
586 77 1452 0 51 125 156
592 1 1018 1 51 124 157
596 50 784 1 49 126 158
597 158 1729 0 53 127 159
598 1 679 1 54 126 160
601 91 1623 1 51 124 161
603 3 1351 1 52 125 162
604 3 704 1 50 124 163
613 1 654 0 34 133 164
617 155 1899 1 52 111 165
618 47 1853 1 53 124 166
618 99 1434 1 51 124 167
622 34 976 1 52 111 168
622 38 1469 0 52 125 169
623 1 654 1 52 125 170
626 70 1729 1 51 124 171
626 242 1799 1 51 124 172
628 122 1291 0 51 124 173
632 66 1396 0 51 124 174
633 53 1276 1 51 125 175
641 49 980 1 51 125 176
641 200 1875 0 51 125 177
642 276 1923 1 52 125 178
643 8 816 1 51 125 179
643 48 1707 1 52 125 180
645 3 670 0 50 124 181
651 31 1180 1 53 126 182
653 16 902 1 53 134 183
653 113 1872 0 50 125 184
654 37 1368 0 49 124 185
655 36 1580 1 51 125 186
659 88 1685 0 50 124 187
665 7 1165 1 53 125 188
670 31 1369 1 52 124 189
670 60 1494 0 54 121 190
672 45 864 0 52 125 191
675 1 911 1 51 125 192
675 104 1422 1 51 125 193
676 333 1746 1 72 196 194
680 59 1281 1 67 10 195
687 13 826 1 70 10 196
689 3 741 1 61 10 197
693 115 1374 1 63 11 198
695 1 705 1 36 154 199
704 2 758 1 63 190 200
707 39 1104 0 65 10 201
708 94 1212 1 67 10 202
709 60 1182 1 61 9 203
714 2 746 0 68 10 204
714 75 1475 1 70 10 205
719 31 1367 0 69 11 206
720 10 1481 1 68 11 207
720 87 1033 1 69 11 208
723 1 801 1 69 10 209
725 25 1421 0 140 24 210
727 7 801 1 65 11 211
728 91 1043 0 96 197 212
730 187 1764 1 130 172 213
731 1 741 0 150 164 214
731 4 1873 1 99 196 215
734 2 774 1 97 196 216
737 20 1241 0 96 196 217
741 4 1093 1 58 185 218
741 123 1127 0 49 124 219
742 16 1093 1 64 188 220
742 33 1237 0 33 155 221
743 9 1588 1 57 186 222
744 62 1082 1 57 187 223
744 64 1435 1 57 187 224
753 329 1750 1 58 187 225
755 159 1891 1 57 187 226
757 72 1242 1 57 187 227
759 30 1338 0 57 187 228
759 64 1411 1 52 180 229
760 22 1279 1 93 199 230
763 173 1871 1 33 156 231
766 1 1478 1 34 157 232
774 211 1648 1 101 197 233
779 19 1162 1 96 197 234
785 239 1909 0 97 197 235
790 93 1707 1 31 157 236
793 62 1873 1 33 157 237
794 16 1768 1 32 156 238
798 187 1799 0 33 156 239
800 63 1273 1 33 156 240
820 27 1668 1 33 156 241
828 14 1137 1 34 155 242
830 4 1976 0 33 157 243
838 1 1111 1 63 21 244
838 1 1421 0 33 157 245
842 37 1797 1 33 156 246
844 33 966 0 33 156 247
854 3 865 1 34 157 248
861 2 1395 0 33 156 249
863 35 1198 1 32 158 250
863 105 1836 1 33 157 251
865 39 1796 1 33 156 252
878 3 1742 1 33 156 253
887 76 1250 1 33 156 254
890 18 1288 1 61 189 255
890 41 1423 1 33 157 256
890 43 1141 1 68 169 257
892 1 915 1 57 187 258
892 2 1054 0 55 162 259
892 17 1411 1 57 187 260
894 3 956 1 96 197 261
895 121 1340 1 51 125 262
899 33 1630 1 68 11 263
907 190 1627 1 50 185 264
910 3 1773 1 35 151 265
911 27 1134 0 87 198 266
916 36 1360 1 58 186 267
916 37 1241 1 57 188 268
918 1 964 1 88 198 269
918 1 1106 1 57 186 270
919 1 1488 1 57 187 271
929 132 1944 1 57 187 272
939 72 1749 1 57 186 273
943 1 947 1 57 187 274
944 45 1314 1 58 187 275
944 119 1925 1 34 154 276
953 2 1501 1 60 188 277
954 31 1309 1 32 159 278
954 174 1884 1 32 157 279
955 1 1058 1 33 156 280
963 40 1141 0 105 194 281
966 60 1157 0 69 11 282
979 76 1579 1 33 157 283
986 17 1075 1 12 163 284
1003 8 1252 1 118 188 285
1005 59 1241 1 79 196 286
1012 15 1284 0 33 154 287
1013 33 1326 1 34 157 288
1021 3 1654 1 33 157 289
1021 49 1589 0 34 156 290
1022 15 1306 1 33 156 291
1024 44 1494 0 33 156 292
1027 3 1120 1 33 157 293
1029 1 1075 1 57 186 294
1029 22 1248 1 35 154 295
1034 42 1901 1 91 193 296
1039 18 1384 1 58 183 297
1039 51 1800 1 70 10 298
1047 33 1990 1 33 157 299
1048 1 1788 1 31 153 300
1050 18 1354 1 88 199 301
1052 2 1656 1 97 197 302
1052 42 1918 1 97 196 303
1053 29 1814 1 58 187 304
1054 1 1080 1 57 188 305
1060 1 1543 1 58 185 306
1060 229 1960 1 57 188 307
1061 51 1273 1 52 125 308
1065 5 1340 1 52 125 309
1067 13 1355 1 51 125 310
1071 3 1747 1 51 125 311
1077 10 1571 1 52 125 312
1079 68 1784 0 51 124 313
1085 5 1532 1 51 124 314
1095 9 1380 1 51 124 315
1111 69 1438 0 51 124 316
1114 14 1544 1 51 125 317
1120 2 1684 1 51 124 318
1122 14 1241 0 51 124 319
1133 52 1488 1 52 124 320
1136 1 1187 1 51 124 321
1144 92 1851 1 50 124 322
1145 1 1945 1 50 124 323
1146 35 1602 1 51 124 324
1155 36 1771 1 50 124 325
1156 1 1621 1 97 196 326
1156 64 1549 0 50 124 327
1157 3 1238 1 97 197 328
1162 6 1997 0 97 196 329
1162 32 1872 1 33 157 330
1163 75 1876 1 33 157 331
1163 93 1524 0 33 157 332
1168 14 1467 1 33 157 333
1173 1 1579 1 33 157 334
1173 78 1506 1 34 157 335
1177 70 1759 0 33 157 336
1179 14 1866 1 34 157 337
1188 53 1874 1 33 156 338
1189 60 1521 0 33 157 339
1192 18 1628 1 35 158 340
1192 36 1511 0 32 157 341
1194 111 1649 1 33 157 342
1197 13 1253 1 33 157 343
1202 42 1553 0 33 157 344
1208 76 1934 1 33 157 345
1219 14 1531 0 34 157 346
1223 27 1477 1 33 157 347
1230 7 1466 1 33 157 348
1232 61 1736 1 33 157 349
1234 92 1591 0 32 157 350
1238 7 1354 1 33 157 351
1238 38 1754 0 32 157 352
1240 13 1736 1 33 157 353
1243 6 1357 1 32 157 354
1246 34 1713 1 36 155 355
1257 61 1858 1 33 156 356
1262 2 1602 1 33 157 357
1263 2 1357 1 33 156 358
1263 22 1412 0 33 157 359
1280 41 1922 0 33 157 360
1280 96 1883 1 33 157 361
1284 18 1582 1 33 157 362
1294 17 1667 1 32 157 363
1301 1 1897 1 33 157 364
1309 8 1932 1 33 157 365
1315 67 1914 1 32 158 366
1317 35 1697 1 33 157 367
1322 42 1560 1 32 157 368
1322 211 1974 1 32 158 369
1325 81 1845 0 70 10 370
1326 22 1551 1 69 10 371
1328 6 1371 1 34 156 372
1335 2 1740 1 34 157 373
1337 129 1752 0 48 177 374
1340 3 1997 1 147 165 375
1342 1 1638 1 63 190 376
1347 2 1699 1 57 186 377
1351 1 1597 1 58 186 378
1375 1 1397 1 82 13 379
1388 8 1561 0 57 187 380
1396 80 1736 1 33 156 381
1400 55 1832 1 33 156 382
1402 4 1696 1 41 159 383
1402 8 1705 1 43 166 384
1411 1 1624 0 1 168 385
1413 18 1588 1 123 185 386
1428 90 1848 1 188 86 387
1431 1 1684 0 40 153 388
1434 23 1606 0 89 199 389
1434 38 1711 0 57 187 390
1434 66 1859 0 33 158 391
1446 23 1521 1 57 187 392
1454 19 1715 1 31 158 393
1455 6 1513 1 33 158 394
1457 73 1945 1 140 175 395
1461 27 1694 1 51 124 396
1464 17 1879 1 96 196 397
1466 15 1717 1 57 187 398
1467 1 1644 1 70 162 399
1474 17 1811 0 57 187 400
1474 133 1935 0 81 172 401
1478 24 1726 1 57 187 402
1494 5 1538 1 33 156 403
1494 10 1584 1 32 155 404
1505 4 1598 1 58 187 405
1509 12 1550 1 33 158 406
1514 15 1833 1 62 119 407
1514 55 1966 1 34 156 408
1515 1 1817 1 33 156 409
1515 4 1756 1 31 157 410
1515 59 1878 1 33 156 411
1517 2 1884 1 34 156 412
1520 1 1783 0 34 156 413
1523 1 1729 0 34 154 414
1526 12 1868 1 79 197 415
1527 51 1862 0 59 185 416
1530 24 1757 1 60 188 417
1547 3 1659 1 52 186 418
1549 28 1697 1 59 185 419
1560 20 1881 1 53 185 420
1579 1 1853 0 60 189 421
1579 3 1609 1 77 189 422
1584 3 1622 1 60 189 423
1591 13 1656 0 60 189 424
1606 1 1668 0 65 10 425
1607 17 1786 1 88 5 426
1614 25 1763 1 88 4 427
1615 16 1904 1 70 10 428
1616 21 1924 1 69 10 429
1617 7 1705 1 188 86 430
1617 43 1851 0 188 86 431
1618 4 1652 1 49 177 432
1618 15 1690 1 189 86 433
1623 1 1640 0 49 177 434
1627 1 1633 0 2 168 435
1628 4 1739 1 84 181 436
1631 7 1652 1 93 199 437
1631 11 1761 1 96 196 438
1642 1 1770 1 57 188 439
1644 8 1875 1 71 12 440
1654 27 1771 1 57 188 441
1660 44 1935 1 33 157 442
1665 28 1918 1 92 199 443
1666 1 1805 0 58 188 444
1666 8 1736 1 59 187 445
1667 30 1976 1 58 187 446
1672 3 1709 0 57 187 447
1672 25 1857 1 90 199 448
1675 18 1946 1 58 186 449
1690 31 1881 1 57 187 450
1697 16 1922 1 57 188 451
1697 32 1951 0 64 189 452
1698 1 1724 1 57 187 453
1709 45 1873 1 57 188 454
1712 30 1949 1 63 190 455
1717 3 1739 0 51 124 456
1717 26 1955 1 51 124 457
1728 14 1974 0 50 124 458
1728 26 1970 0 2 168 459
1732 5 1824 0 11 167 460
1733 8 1882 1 34 156 461
1734 10 1931 0 57 188 462
1737 2 1763 1 58 188 463
1739 16 1932 1 57 188 464
1739 22 1870 0 57 187 465
1748 10 1857 1 57 188 466
1748 24 1934 1 60 188 467
1759 15 1934 1 57 188 468
1763 30 1932 1 63 190 469
1768 20 1948 0 59 188 470
1779 6 1924 1 59 188 471
1781 1 1784 1 57 188 472
1782 1 1889 1 58 188 473
1809 1 1970 1 58 188 474
1809 21 1940 1 53 185 475
1824 6 1897 1 63 190 476
1832 2 1929 1 55 162 477
1832 3 1887 1 58 186 478
1838 10 1960 1 57 186 479
1842 11 1986 1 64 189 480
1843 3 1880 1 70 195 481
1846 9 1903 1 60 177 482
1855 2 1877 1 57 186 483
1856 3 1902 1 56 185 484
1858 27 1993 1 60 186 485
1863 8 1916 1 96 197 486
1867 9 1938 1 58 185 487
1868 5 1885 1 62 189 488
1869 1 1877 0 58 186 489
1870 3 1922 1 60 189 490
1871 3 1901 1 57 186 491
1872 2 1913 0 60 189 492
1873 2 1948 1 58 188 493
1882 1 1926 1 57 187 494
1882 1 1932 1 63 190 495
1884 1 1899 1 57 187 496
1894 3 1969 1 62 189 497
1895 2 1944 1 33 158 498
1895 4 1998 1 58 186 499
1899 7 1937 0 31 157 500
