50
133 172
116 149
133 106
127 170
130 169
103 152
106 166
143 170
155 149
122 169
155 104
105 151
171 157
113 143
111 147
119 100
152 144
124 111
131 100
128 137
152 152
113 166
163 158
106 153
161 135
161 160
112 139
144 171
183 153
113 106
136 162
138 162
168 115
181 129
137 169
143 165
158 159
161 148
110 141
132 149
151 103
143 96
100 154
107 157
107 166
183 128
107 164
174 139
120 167
113 163
0 6 11 1 96 197 1
0 18 22 0 93 198 2
0 48 54 0 67 174 3
0 56 62 1 96 196 4
0 77 85 1 102 197 5
0 80 88 0 34 155 6
0 82 90 1 92 198 7
0 86 94 1 31 161 8
0 96 104 0 101 197 9
0 108 117 0 63 190 10
0 111 120 0 68 11 11
0 118 128 0 95 197 12
0 118 128 0 96 198 13
0 121 131 1 96 197 14
0 124 134 0 33 158 15
0 126 136 1 67 10 16
0 140 151 0 69 11 17
0 192 206 1 63 190 18
0 197 211 0 70 11 19
0 209 223 0 68 11 20
0 214 229 0 135 177 21
0 255 272 0 95 198 22
0 256 334 1 96 196 23
0 265 282 0 96 197 24
0 281 299 0 96 197 25
0 291 310 0 96 197 26
0 292 311 0 96 196 27
0 294 313 1 136 177 28
0 327 348 0 2 167 29
0 328 349 0 96 195 30
0 333 354 0 96 197 31
0 333 354 0 97 197 32
0 355 377 0 96 195 33
0 381 405 1 97 197 34
0 392 416 0 97 196 35
0 441 468 1 69 11 36
0 492 521 0 69 10 37
0 499 529 1 146 165 38
0 513 543 0 69 11 39
0 514 545 1 69 11 40
0 526 557 1 93 198 41
0 531 562 1 69 11 42
0 549 581 0 70 11 43
0 550 582 0 68 11 44
0 556 853 0 103 196 45
0 573 607 0 96 197 46
0 592 627 0 68 10 47
0 596 631 0 68 10 48
0 605 640 0 51 124 49
0 609 644 0 68 11 50
0 659 697 1 100 196 51
0 703 743 0 96 198 52
0 712 753 0 98 197 53
0 739 781 0 96 196 54
0 748 791 0 95 197 55
0 783 828 0 74 186 56
0 817 863 0 95 196 57
0 869 918 0 96 196 58
0 902 953 0 96 197 59
0 911 962 0 101 196 60
0 943 996 0 69 11 61
0 945 998 0 96 197 62
0 973 1028 1 100 196 63
0 993 1049 0 94 198 64
0 1005 1061 0 101 197 65
0 1017 1074 1 96 197 66
0 1017 1074 1 96 197 67
0 1039 1097 1 101 197 68
0 1042 1100 0 93 198 69
0 1069 1129 0 69 10 70
0 1088 1149 0 101 196 71
0 1104 1166 0 96 197 72
0 1122 1184 0 95 197 73
0 1123 1186 0 95 197 74
0 1150 1214 0 70 10 75
0 1173 1238 1 92 199 76
0 1180 1246 0 110 196 77
0 1201 1268 0 96 197 78
0 1213 1280 0 92 198 79
0 1235 1303 1 117 190 80
0 1236 1305 1 96 197 81
0 1241 1310 0 95 197 82
0 1249 1318 1 93 199 83
0 1323 1396 0 94 198 84
0 1333 1629 0 69 11 85
0 1344 1418 0 97 196 86
0 1351 1426 1 69 10 87
0 1368 1443 0 71 10 88
0 1370 1446 0 97 196 89
0 1397 1474 1 100 197 90
0 1398 1475 0 93 197 91
0 1401 1478 0 96 197 92
0 1408 1486 1 102 196 93
0 1428 1507 0 99 196 94
0 1435 1514 0 70 11 95
0 1445 1524 0 69 11 96
0 1470 1551 0 33 156 97
0 1496 1578 1 102 197 98
0 1508 1591 1 69 10 99
0 1511 1594 1 57 188 100
0 1522 1606 1 97 197 101
0 1523 1607 0 101 197 102
0 1547 1632 0 94 196 103
0 1550 1635 1 94 197 104
0 1558 1643 1 98 196 105
0 1583 1670 0 69 11 106
0 1584 1671 0 96 197 107
0 1609 1981 1 96 197 108
0 1622 1711 0 95 197 109
0 1635 1725 1 96 196 110
0 1650 1740 0 96 197 111
0 1661 1752 1 96 198 112
0 1666 1757 1 70 10 113
0 1713 1807 0 78 190 114
0 1730 1825 0 112 193 115
0 1772 1869 0 96 198 116
0 1844 1945 1 96 197 117
0 1845 1946 0 96 197 118
0 1848 1949 0 96 197 119
0 1864 1966 1 95 190 120
21 28 310 1 68 11 121
26 38 372 0 68 11 122
37 65 1495 1 67 11 123
39 22 354 1 70 11 124
39 22 596 0 69 10 125
42 28 1755 1 69 11 126
72 2 475 1 70 10 127
84 98 1696 0 69 10 128
91 1 1005 1 69 11 129
91 2 287 1 69 10 130
95 108 1119 1 68 10 131
97 45 1174 0 69 11 132
107 3 391 1 69 10 133
111 35 1088 0 70 10 134
127 5 1421 1 69 11 135
135 4 227 1 68 11 136
138 768 1905 1 68 10 137
144 41 1412 1 70 10 138
151 33 456 1 68 10 139
152 45 972 0 69 10 140
161 162 1178 0 69 10 141
163 297 1204 0 69 11 142
174 8 751 1 51 124 143
178 481 1086 1 51 124 144
179 60 1419 1 51 124 145
186 293 1067 1 51 125 146
192 18 867 1 51 124 147
192 48 1430 1 51 125 148
195 85 814 1 51 125 149
197 82 872 1 52 125 150
197 448 1652 1 51 125 151
205 62 1685 1 51 125 152
208 21 672 1 51 125 153
208 86 1887 1 51 124 154
208 179 399 1 51 125 155
225 108 1401 1 51 125 156
226 1 532 1 51 125 157
229 36 539 0 51 124 158
229 182 1779 0 49 126 159
229 284 803 0 53 127 160
239 1002 1973 0 54 126 161
241 208 945 0 51 124 162
260 1 558 1 52 125 163
274 15 1160 1 34 133 164
274 25 1237 1 50 124 165
277 87 1794 1 52 111 166
280 12 480 1 51 124 167
285 1 374 1 53 124 168
286 51 1053 0 52 125 169
291 122 606 0 52 111 170
304 165 1263 0 52 125 171
309 142 905 0 51 124 172
316 1 1247 1 51 124 173
344 16 1579 1 51 124 174
350 440 2000 1 51 124 175
351 269 1785 1 51 125 176
355 38 554 0 51 125 177
356 137 1658 1 51 125 178
364 5 467 1 52 125 179
372 94 1152 1 51 125 180
375 353 1733 1 52 125 181
375 772 1618 0 50 124 182
376 875 1545 0 53 126 183
385 52 910 1 50 125 184
405 8 1594 1 51 125 185
405 433 864 0 53 134 186
405 451 883 0 49 124 187
416 33 565 1 50 124 188
419 294 909 0 53 125 189
425 176 1468 0 54 121 190
426 54 1421 1 52 125 191
426 80 1165 1 52 124 192
429 1 599 1 51 125 193
429 10 1145 1 51 125 194
430 1 829 0 72 196 195
430 83 1675 1 67 10 196
432 1 443 1 70 10 197
440 20 818 1 61 10 198
445 14 647 0 63 11 199
445 94 1131 1 36 154 200
446 131 1657 1 63 190 201
446 149 1536 1 67 10 202
446 277 1293 1 65 10 203
448 20 723 0 61 9 204
450 670 1220 0 70 10 205
462 570 1259 0 68 10 206
462 1345 1881 0 69 11 207
468 1 1493 0 69 11 208
471 220 867 1 68 11 209
472 35 1300 1 69 10 210
474 528 1766 0 140 24 211
479 25 1080 1 65 11 212
482 42 1167 1 96 197 213
488 24 576 1 130 172 214
490 9 1789 1 150 164 215
491 50 1275 1 99 196 216
492 5 544 0 97 196 217
496 616 1864 1 96 196 218
503 1 969 0 58 185 219
505 1327 1904 0 49 124 220
520 66 1287 1 33 155 221
528 99 1567 0 64 188 222
530 124 1647 1 57 186 223
532 1 624 1 57 187 224
539 287 1951 1 57 187 225
545 89 829 1 58 187 226
548 109 1616 1 57 187 227
549 707 1627 1 57 187 228
561 13 818 1 57 187 229
562 75 1589 1 52 180 230
563 4 854 1 93 199 231
565 94 1623 0 33 156 232
567 1 1317 0 34 157 233
567 284 1646 1 101 197 234
570 98 1404 0 96 197 235
577 125 1256 0 97 197 236
580 1 1751 0 31 157 237
581 66 1618 1 33 157 238
594 33 712 1 32 156 239
614 37 1767 1 33 156 240
617 60 1158 1 33 156 241
619 1 1885 1 33 156 242
622 10 721 1 34 155 243
635 9 1563 1 33 157 244
636 34 1709 1 33 157 245
639 37 1188 1 63 21 246
640 93 1033 1 33 156 247
640 400 1913 1 33 156 248
642 242 1765 1 34 157 249
644 1 662 1 33 156 250
648 117 1358 1 32 158 251
652 58 1664 0 33 157 252
652 90 1282 0 33 156 253
654 677 1370 1 33 156 254
663 1 1694 1 33 156 255
665 51 1794 1 33 157 256
668 18 832 1 61 189 257
668 47 1877 0 57 187 258
668 356 1469 1 68 169 259
669 281 1374 1 55 162 260
672 90 1013 1 57 187 261
684 9 838 1 96 197 262
690 57 1974 1 51 125 263
692 17 881 0 68 11 264
693 23 859 1 50 185 265
695 1 869 1 35 151 266
696 1 1210 1 57 188 267
696 300 1580 1 87 198 268
700 89 885 1 58 186 269
702 90 1023 1 57 186 270
702 387 1935 1 88 198 271
705 12 772 0 57 187 272
708 54 1385 1 57 187 273
712 103 1793 0 57 186 274
714 22 1019 1 34 154 275
714 81 1534 1 57 187 276
714 91 1247 1 58 187 277
715 8 727 0 60 188 278
715 11 1189 0 32 157 279
719 539 1642 1 32 159 280
720 347 1504 1 33 156 281
728 86 820 1 105 194 282
728 1078 1864 1 69 11 283
729 405 1407 1 33 157 284
736 118 1525 1 12 163 285
736 171 1882 1 118 188 286
744 54 1214 1 33 154 287
744 226 1875 1 79 196 288
749 1 753 1 34 157 289
758 792 1593 0 33 157 290
759 114 1915 1 34 156 291
768 89 1295 1 33 156 292
776 12 1670 1 33 156 293
777 1 949 1 35 154 294
777 178 1640 1 33 157 295
780 45 1117 1 57 186 296
781 2 796 0 91 193 297
791 47 1929 0 70 10 298
793 3 1577 0 33 157 299
793 65 1809 0 58 183 300
794 42 1222 0 31 153 301
796 12 1021 0 88 199 302
800 131 1911 0 97 197 303
809 70 1618 0 97 196 304
822 55 1359 0 58 187 305
827 42 1692 0 57 188 306
840 60 1887 0 57 188 307
843 18 1259 0 58 185 308
848 11 1135 0 52 125 309
851 275 1253 0 52 125 310
854 431 1309 0 51 125 311
859 838 1750 0 52 125 312
875 4 909 0 51 124 313
878 38 1732 0 51 124 314
881 169 1538 0 51 124 315
885 2 1507 0 51 124 316
885 211 1346 0 51 125 317
889 8 1206 0 51 124 318
900 197 1194 0 51 124 319
903 660 1920 0 52 124 320
905 7 1978 0 51 124 321
911 21 1736 0 50 124 322
917 802 1763 0 50 124 323
918 14 1057 0 51 124 324
927 147 1754 0 50 124 325
928 2 1417 0 50 124 326
934 26 1143 0 97 196 327
935 100 1575 0 97 197 328
937 48 1187 0 97 196 329
938 4 974 0 33 157 330
938 604 1575 0 33 157 331
946 252 1914 0 33 157 332
952 35 1241 0 33 157 333
954 1 1477 0 34 157 334
954 43 1534 0 33 157 335
962 18 1574 0 33 157 336
966 318 1904 0 34 157 337
973 50 1711 0 33 156 338
990 82 1906 0 33 157 339
1017 64 1854 0 35 158 340
1018 72 1792 0 32 157 341
1020 152 1586 0 33 157 342
1021 26 1234 0 33 157 343
1021 32 1387 0 33 157 344
1044 163 1255 0 33 157 345
1049 19 1417 0 33 157 346
1049 93 1684 0 34 157 347
1050 1 1075 0 33 157 348
1051 10 1681 0 32 157 349
1051 40 1279 0 33 157 350
1060 72 1895 0 32 157 351
1077 144 1932 0 33 157 352
1085 9 1339 0 33 157 353
1085 743 1996 0 36 155 354
1085 746 1946 0 32 157 355
1093 33 1398 0 33 156 356
1108 2 1363 0 33 157 357
1115 5 1160 0 33 157 358
1129 14 1312 0 33 156 359
1133 26 1308 0 33 157 360
1139 34 1474 0 33 157 361
1139 462 1930 0 33 157 362
1143 94 1540 0 32 157 363
1153 50 1425 0 33 157 364
1160 69 1718 0 33 157 365
1160 264 1680 0 32 158 366
1163 443 1631 0 33 157 367
1171 13 1469 0 32 157 368
1174 68 1799 0 32 158 369
1177 69 1471 0 70 10 370
1178 3 1265 0 69 10 371
1185 13 1363 0 34 156 372
1185 20 1376 0 34 157 373
1189 441 1843 0 48 177 374
1228 213 1455 0 63 190 375
1228 603 1865 0 147 165 376
1238 226 1836 0 57 186 377
1243 13 1528 0 58 186 378
1249 552 1955 0 82 13 379
1251 34 1373 0 33 156 380
1251 51 1330 0 57 187 381
1258 1 1310 0 33 156 382
1263 2 1300 0 43 166 383
1263 4 1526 0 41 159 384
1264 379 1665 0 1 168 385
1265 23 1498 0 123 185 386
1269 19 1397 0 188 86 387
1269 77 1366 0 40 153 388
1270 4 1280 0 57 187 389
1271 538 1839 0 89 199 390
1272 62 1944 0 33 158 391
1274 94 1518 0 57 187 392
1314 15 1522 0 31 158 393
1320 72 1619 0 33 158 394
1326 124 1740 0 140 175 395
1352 61 1951 0 51 124 396
1355 1 1464 0 96 196 397
1355 82 1771 0 70 162 398
1365 135 1974 0 57 187 399
1371 12 1877 0 81 172 400
1388 1 1506 0 57 187 401
1395 318 1927 0 33 156 402
1398 104 1771 0 32 155 403
1404 78 1544 0 58 187 404
1417 69 1711 0 33 158 405
1418 25 1764 0 62 119 406
1420 14 1526 0 34 156 407
1433 5 1570 0 31 157 408
1435 76 1554 0 33 156 409
1436 20 1680 0 33 156 410
1440 18 1572 0 34 156 411
1451 4 1492 0 34 156 412
1457 53 1812 0 34 154 413
1464 111 1925 0 79 197 414
1466 62 1831 0 59 185 415
1477 6 1626 0 52 186 416
1477 332 1829 0 60 188 417
1478 9 1670 0 59 185 418
1483 1 1963 0 53 185 419
1483 205 1707 0 60 189 420
1485 17 1814 0 77 189 421
1485 61 1669 0 60 189 422
1495 4 1533 0 60 189 423
1503 17 1766 0 65 10 424
1505 7 1663 0 88 5 425
1511 127 1960 0 88 4 426
1514 7 1692 0 70 10 427
1514 17 1895 0 69 10 428
1516 104 1905 0 188 86 429
1519 38 1906 0 188 86 430
1528 13 1813 0 189 86 431
1531 1 1720 0 49 177 432
1532 14 1724 0 49 177 433
1544 1 1896 0 2 168 434
1546 18 1626 0 84 181 435
1548 1 1897 0 96 196 436
1548 14 1864 0 93 199 437
1549 69 1968 0 57 188 438
1556 15 1892 0 71 12 439
1556 91 1702 0 57 188 440
1557 1 1675 0 33 157 441
1563 131 1981 0 92 199 442
1569 9 1634 0 58 188 443
1575 7 1761 0 59 187 444
1576 6 1726 0 58 187 445
1581 11 1707 0 90 199 446
1584 33 1868 0 57 187 447
1588 258 1981 0 58 186 448
1594 39 1912 0 57 187 449
1597 44 1656 0 64 189 450
1617 188 1818 0 57 188 451
1625 28 1908 0 57 187 452
1628 23 1823 0 57 188 453
1631 290 1938 0 63 190 454
1637 6 1653 0 51 124 455
1639 214 1867 0 51 124 456
1641 35 1949 0 50 124 457
1647 20 1888 0 2 168 458
1648 82 1842 0 11 167 459
1649 41 1767 0 34 156 460
1649 60 1784 0 57 188 461
1649 100 1904 0 58 188 462
1657 298 1999 0 57 187 463
1658 6 1874 0 57 188 464
1660 43 1932 0 60 188 465
1667 1 1961 0 57 188 466
1667 3 1774 0 57 188 467
1671 8 1747 0 63 190 468
1672 2 1710 0 57 187 469
1672 10 1894 0 59 188 470
1676 1 1977 0 57 188 471
1681 22 1843 0 58 188 472
1681 128 1896 0 58 188 473
1696 10 1836 0 53 185 474
1719 4 1811 0 63 190 475
1720 7 1967 0 58 186 476
1723 43 1983 0 55 162 477
1737 1 1807 0 57 186 478
1739 1 1822 0 64 189 479
1740 6 1854 0 70 195 480
1751 10 1837 0 60 177 481
1792 7 1859 0 57 186 482
1799 14 1968 0 56 185 483
1809 13 1913 0 60 186 484
1817 2 1827 0 96 197 485
1820 7 1888 0 58 185 486
1821 1 1931 0 62 189 487
1826 41 1871 0 58 186 488
1830 21 2000 0 60 189 489
1835 3 1940 0 57 186 490
1855 11 1970 0 60 189 491
1858 5 1957 0 58 188 492
1861 1 1879 0 57 187 493
1863 6 1913 0 63 190 494
1882 30 1919 0 57 187 495
1883 5 1906 0 62 189 496
1887 6 1935 0 58 186 497
1889 3 1989 0 33 158 498
1897 2 1941 0 31 157 499
1898 18 1971 0 34 155 500
