50
133 172
116 149
133 106
127 170
130 169
103 152
106 166
143 170
155 149
122 169
155 104
105 151
171 157
113 143
111 147
119 100
152 144
124 111
131 100
128 137
152 152
113 166
163 158
106 153
161 135
161 160
112 139
144 171
183 153
113 106
136 162
138 162
168 115
181 129
137 169
143 165
158 159
161 148
110 141
132 149
151 103
143 96
100 154
107 157
107 166
183 128
107 164
174 139
120 167
113 163
0 24 29 0 69 11 1
0 43 49 0 101 197 2
0 45 51 1 96 197 3
0 51 57 0 97 196 4
0 51 57 1 100 196 5
0 63 70 0 68 11 6
0 81 89 0 68 10 7
0 84 92 0 96 197 8
0 86 94 1 96 198 9
0 98 107 1 96 197 10
0 104 113 0 51 124 11
0 109 118 0 70 10 12
0 141 152 0 96 198 13
0 168 180 0 63 190 14
0 178 191 0 97 197 15
0 204 218 0 96 196 16
0 204 218 1 101 197 17
0 213 228 0 71 10 18
0 227 242 1 117 190 19
0 230 308 1 96 197 20
0 248 264 1 69 10 21
0 263 280 0 96 197 22
0 288 307 0 95 197 23
0 322 342 0 94 198 24
0 324 345 0 96 195 25
0 338 359 0 95 197 26
0 348 370 0 95 197 27
0 351 373 1 69 11 28
0 362 384 0 95 198 29
0 365 388 1 93 198 30
0 400 425 0 69 11 31
0 404 429 0 96 197 32
0 408 433 0 2 167 33
0 434 460 1 92 198 34
0 437 463 1 94 197 35
0 454 481 0 69 11 36
0 458 486 1 70 10 37
0 463 491 0 97 196 38
0 493 522 0 95 197 39
0 493 522 1 69 10 40
0 495 525 1 100 196 41
0 500 530 0 93 197 42
0 504 534 0 97 196 43
0 512 542 0 68 11 44
0 551 583 0 96 198 45
0 556 589 0 67 174 46
0 569 602 0 96 197 47
0 589 623 1 96 196 48
0 594 629 0 135 177 49
0 602 637 1 96 197 50
0 644 681 0 70 11 51
0 645 682 0 98 197 52
0 659 697 0 96 197 53
0 664 702 0 68 11 54
0 669 826 1 96 197 55
0 680 719 0 78 190 56
0 723 764 0 101 196 57
0 726 768 1 98 196 58
0 744 787 0 93 198 59
0 755 798 0 69 11 60
0 783 828 0 96 197 61
0 795 840 0 99 196 62
0 819 866 0 96 197 63
0 825 872 1 102 197 64
0 843 891 0 112 193 65
0 854 902 1 102 197 66
0 891 941 0 96 196 67
0 948 1001 1 97 197 68
0 960 1014 0 33 158 69
0 963 1017 0 68 10 70
0 968 1022 0 95 196 71
0 993 1049 0 96 197 72
0 1018 1559 0 103 196 73
0 1026 1083 0 96 197 74
0 1035 1093 0 68 11 75
0 1045 1103 1 63 190 76
0 1050 1109 0 70 11 77
0 1058 1117 0 96 198 78
0 1107 1169 1 93 199 79
0 1112 1174 0 96 197 80
0 1113 1175 1 146 165 81
0 1149 1213 0 96 197 82
0 1157 1221 0 94 198 83
0 1160 1225 0 96 196 84
0 1210 1277 0 95 197 85
0 1231 1299 1 31 161 86
0 1239 1308 0 101 197 87
0 1247 1316 1 97 197 88
0 1277 1348 0 69 10 89
0 1293 1364 0 95 197 90
0 1294 1366 0 74 186 91
0 1295 1367 0 92 198 92
0 1304 1376 1 96 197 93
0 1342 1734 1 96 196 94
0 1367 1442 0 96 197 95
0 1392 1469 0 70 11 96
0 1392 1469 1 102 196 97
0 1399 1476 1 100 197 98
0 1423 1501 0 94 196 99
0 1426 1504 1 69 11 100
0 1426 1505 0 69 10 101
0 1445 1525 0 101 197 102
0 1446 1526 1 92 199 103
0 1464 1544 0 96 197 104
0 1501 1583 0 96 195 105
0 1516 1599 1 69 11 106
0 1517 1854 0 69 11 107
0 1547 1632 0 93 198 108
0 1551 1636 0 101 196 109
0 1558 1643 1 96 197 110
0 1598 1686 0 69 11 111
0 1665 1756 1 96 196 112
0 1691 1783 1 95 190 113
0 1736 1831 0 110 196 114
0 1767 1863 0 96 197 115
0 1773 1870 1 67 10 116
0 1866 1968 1 57 188 117
0 1872 1974 0 34 155 118
0 1874 1976 0 33 156 119
0 1896 1999 1 136 177 120
21 101 1076 1 68 11 121
26 162 1527 0 68 11 122
37 64 1475 1 67 11 123
39 10 282 0 69 10 124
39 16 264 1 70 11 125
42 31 1992 1 69 11 126
72 3 988 1 70 10 127
84 8 208 0 69 10 128
91 1 934 1 69 11 129
91 3 333 1 69 10 130
95 178 1789 1 68 10 131
97 6 244 0 69 11 132
107 17 1845 1 69 10 133
111 58 1773 0 70 10 134
127 6 1980 1 69 11 135
135 9 341 1 68 11 136
138 226 659 1 68 10 137
144 26 962 1 70 10 138
151 182 1832 1 68 10 139
152 84 1692 0 69 10 140
161 34 373 0 69 10 141
163 75 425 0 69 11 142
174 12 1045 1 51 124 143
178 680 1461 1 51 124 144
179 48 1183 1 51 124 145
186 501 1689 1 51 125 146
192 38 1185 1 51 125 147
192 42 1826 1 51 124 148
195 186 1554 1 51 125 149
197 83 884 1 52 125 150
197 104 535 1 51 125 151
205 31 936 1 51 125 152
208 45 1221 1 51 125 153
208 70 1577 1 51 124 154
208 635 879 1 51 125 155
225 109 1410 1 51 125 156
226 1 413 1 51 125 157
229 15 362 0 51 124 158
229 89 982 0 49 126 159
229 148 529 0 53 127 160
239 180 552 0 54 126 161
241 17 299 0 51 124 162
260 1 1635 1 52 125 163
274 12 993 1 34 133 164
274 31 1477 1 50 124 165
277 32 838 1 52 111 166
280 5 363 1 51 124 167
285 1 1894 1 53 124 168
286 33 771 0 52 125 169
291 342 1170 0 52 111 170
304 204 1495 0 52 125 171
309 213 1203 0 51 124 172
316 1 1801 1 51 124 173
344 15 1509 1 51 124 174
350 228 1206 1 51 124 175
351 276 1826 1 51 125 176
355 257 1705 0 51 125 177
356 172 1997 1 51 125 178
364 42 1241 1 52 125 179
372 155 1654 1 51 125 180
375 187 1093 1 52 125 181
375 453 1106 0 50 124 182
376 636 1226 0 53 126 183
385 138 1786 1 50 125 184
405 6 1290 1 51 125 185
405 159 576 0 49 124 186
405 343 770 0 53 134 187
416 322 1862 1 50 124 188
419 304 927 0 53 125 189
425 153 1331 0 54 121 190
426 66 1641 1 52 125 191
426 152 1831 1 52 124 192
429 1 511 1 51 125 193
429 1 860 1 51 125 194
430 1 1125 0 72 196 195
430 48 1143 1 67 10 196
432 52 1454 1 70 10 197
440 34 1095 1 61 10 198
445 60 1294 0 63 11 199
445 132 1410 1 36 154 200
446 30 725 1 63 190 201
446 97 1152 1 67 10 202
446 311 1396 1 65 10 203
448 38 960 0 61 9 204
450 20 476 0 70 10 205
462 224 701 0 69 11 206
462 474 1125 0 68 10 207
468 1 1686 0 69 11 208
471 663 1659 1 68 11 209
472 46 1587 1 69 10 210
474 154 853 0 140 24 211
479 47 1595 1 65 11 212
482 50 1298 1 96 197 213
488 346 1771 1 130 172 214
490 6 1327 1 150 164 215
491 77 1697 1 99 196 216
492 91 1474 0 97 196 217
496 250 1051 1 96 196 218
503 1 1051 0 58 185 219
505 1385 1965 0 49 124 220
520 64 1264 1 33 155 221
528 81 1379 0 64 188 222
530 40 883 1 57 186 223
532 4 1501 1 57 187 224
539 135 1200 1 57 187 225
545 21 613 1 58 187 226
548 129 1811 1 57 187 227
549 732 1665 1 57 187 228
561 66 1853 1 57 187 229
562 84 1708 1 52 180 230
563 16 1759 1 93 199 231
565 104 1726 0 33 156 232
567 1 1257 0 34 157 233
567 197 1318 1 101 197 234
570 153 1868 0 96 197 235
577 164 1469 0 97 197 236
580 1 831 0 31 157 237
581 48 1336 1 33 157 238
594 52 776 1 32 156 239
614 22 1290 1 33 156 240
617 117 1663 1 33 156 241
619 1 1012 1 33 156 242
622 108 1757 1 34 155 243
635 13 1903 1 33 157 244
636 34 1700 1 33 157 245
639 51 1400 1 63 21 246
640 10 683 1 33 156 247
640 382 1857 1 33 156 248
642 143 1305 1 34 157 249
644 7 1308 1 33 156 250
648 19 764 1 32 158 251
652 5 686 0 33 156 252
652 40 1340 0 33 157 253
654 886 1590 1 33 156 254
663 1 1269 1 33 156 255
665 39 1537 1 33 157 256
668 31 953 1 61 189 257
668 47 1900 0 57 187 258
668 441 1660 1 68 169 259
669 69 845 1 55 162 260
672 274 1700 1 57 187 261
684 69 1893 1 96 197 262
690 32 1411 1 51 125 263
692 96 1767 0 68 11 264
693 143 1713 1 50 185 265
695 1 1470 1 35 151 266
696 1 1503 1 57 188 267
696 103 1001 1 87 198 268
700 259 1235 1 58 186 269
702 198 1334 1 88 198 270
702 365 1996 1 57 186 271
705 100 1250 0 57 187 272
708 52 1357 1 57 187 273
712 3 745 0 57 186 274
714 8 762 1 58 187 275
714 88 1915 1 34 154 276
714 125 1987 1 57 187 277
715 11 1203 0 32 157 278
715 972 1946 0 60 188 279
719 325 1276 1 32 159 280
720 152 1065 1 33 156 281
728 395 1145 1 69 11 282
728 840 1614 1 105 194 283
729 727 1943 1 33 157 284
736 35 970 1 12 163 285
736 128 1590 1 118 188 286
744 33 1036 1 33 154 287
744 227 1878 1 79 196 288
749 1 961 1 34 157 289
758 635 1428 0 33 157 290
759 10 859 1 34 156 291
768 50 1063 1 33 156 292
776 6 1192 1 33 156 293
777 1 883 1 35 154 294
777 8 818 1 33 157 295
780 3 799 1 57 186 296
781 43 1080 0 91 193 297
791 34 1605 0 70 10 298
793 4 1958 0 33 157 299
793 67 1835 1 58 183 300
794 64 1440 0 31 153 301
796 37 1519 1 88 199 302
800 95 1607 1 97 197 303
809 38 1243 1 97 196 304
822 59 1398 1 58 187 305
827 7 964 1 57 188 306
840 19 1164 1 57 188 307
843 12 1114 1 58 185 308
848 30 1615 1 52 125 309
851 127 1038 0 52 125 310
854 544 1428 1 51 125 311
859 983 1903 1 51 125 312
875 82 1708 1 52 125 313
878 20 1310 1 51 124 314
881 186 1602 0 51 124 315
885 2 1320 0 51 124 316
885 347 1641 1 51 124 317
889 16 1508 0 51 125 318
900 231 1244 0 51 124 319
903 539 1733 1 51 124 320
905 7 1992 1 52 124 321
911 26 1935 1 51 124 322
917 234 1165 1 50 124 323
918 48 1402 1 50 124 324
927 181 1947 0 51 124 325
928 2 1490 1 50 124 326
934 45 1297 1 50 124 327
935 95 1542 1 97 196 328
937 196 1948 1 97 197 329
938 103 1860 1 33 157 330
938 117 1063 0 97 196 331
946 150 1522 0 33 157 332
952 39 1272 0 33 157 333
954 1 1021 1 33 157 334
954 45 1561 1 33 157 335
962 2 1030 1 34 157 336
966 226 1634 0 33 157 337
973 31 1432 1 34 157 338
990 43 1475 0 33 156 339
1017 56 1752 1 33 157 340
1018 55 1615 1 35 158 341
1020 19 1093 1 32 157 342
1021 10 1134 0 33 157 343
1021 90 1766 0 33 157 344
1044 735 1984 1 33 157 345
1049 26 1561 1 34 157 346
1049 104 1761 1 33 157 347
1050 1 1184 0 33 157 348
1051 13 1827 1 33 157 349
1051 150 1910 0 33 157 350
1060 48 1622 1 32 157 351
1077 144 1935 1 32 157 352
1085 6 1269 1 33 157 353
1085 139 1257 1 32 157 354
1085 593 1770 0 33 157 355
1093 63 1675 1 36 155 356
1108 3 1436 1 33 156 357
1115 92 1940 1 33 157 358
1129 32 1547 0 33 157 359
1133 14 1225 1 33 156 360
1139 32 1455 1 33 157 361
1139 420 1858 1 33 157 362
1143 142 1740 1 33 157 363
1153 105 1723 1 32 157 364
1160 50 1559 0 33 157 365
1160 91 1340 1 33 157 366
1163 262 1440 1 32 158 367
1171 34 1984 0 33 157 368
1174 22 1380 1 32 157 369
1177 83 1533 1 32 158 370
1178 15 1697 1 70 10 371
1185 48 1640 1 34 156 372
1185 60 2000 0 69 10 373
1189 166 1436 1 34 157 374
1228 115 1351 0 48 177 375
1228 632 1896 1 147 165 376
1238 84 1460 0 63 190 377
1243 31 1928 0 57 186 378
1249 487 1872 1 58 186 379
1251 75 1515 1 57 187 380
1251 400 1845 1 82 13 381
1258 2 1545 0 33 156 382
1263 2 1347 1 33 156 383
1263 24 1699 1 41 159 384
1264 77 1347 1 43 166 385
1265 44 1713 1 1 168 386
1269 4 1297 1 123 185 387
1269 401 1761 1 188 86 388
1270 276 1844 1 40 153 389
1271 233 1518 1 57 187 390
1272 9 1370 1 89 199 391
1274 239 1897 1 33 158 392
1314 26 1687 0 57 187 393
1320 118 1809 1 31 158 394
1326 161 1863 1 33 158 395
1352 19 1533 1 140 175 396
1355 1 1430 1 51 124 397
1355 90 1809 1 96 196 398
1365 119 1901 1 57 187 399
1371 5 1587 1 70 162 400
1388 1 1600 0 57 187 401
1395 183 1703 1 81 172 402
1398 35 1526 1 57 187 403
1404 276 1890 1 33 156 404
1417 34 1561 1 32 155 405
1418 19 1686 0 58 187 406
1420 52 1808 1 33 158 407
1433 5 1552 1 62 119 408
1435 36 1492 1 34 156 409
1436 11 1565 0 31 157 410
1440 71 1972 1 33 156 411
1451 34 1819 1 33 156 412
1457 35 1692 0 34 156 413
1464 80 1796 0 34 156 414
1466 89 1995 0 34 154 415
1477 5 1608 0 59 185 416
1477 20 1500 0 79 197 417
1478 9 1675 0 60 188 418
1483 1 1770 0 52 186 419
1483 169 1668 0 59 185 420
1485 15 1767 0 53 185 421
1485 100 1787 0 60 189 422
1495 19 1690 0 77 189 423
1503 9 1642 0 60 189 424
1505 10 1734 0 60 189 425
1511 107 1888 0 65 10 426
1514 3 1587 0 88 5 427
1514 9 1700 0 88 4 428
1516 35 1649 0 70 10 429
1519 1 1526 0 69 10 430
1528 20 1964 0 188 86 431
1531 1 1677 0 188 86 432
1532 22 1836 0 189 86 433
1544 1 1821 0 49 177 434
1546 14 1607 0 49 177 435
1548 1 1714 0 84 181 436
1548 15 1882 0 2 168 437
1549 17 1654 0 93 199 438
1556 7 1704 0 96 196 439
1556 61 1655 0 57 188 440
1557 1 1876 0 71 12 441
1563 12 1604 0 57 188 442
1569 57 1960 0 33 157 443
1575 3 1651 0 92 199 444
1576 10 1817 0 58 188 445
1581 29 1923 0 59 187 446
1584 24 1789 0 58 187 447
1588 194 1884 0 90 199 448
1594 14 1705 0 57 187 449
1597 148 1790 0 58 186 450
1617 71 1695 0 57 187 451
1625 20 1829 0 64 189 452
1628 13 1737 0 57 188 453
1631 82 1719 0 57 187 454
1637 133 1957 0 57 188 455
1639 28 1671 0 63 190 456
1641 15 1768 0 51 124 457
1647 26 1964 0 51 124 458
1648 7 1666 0 50 124 459
1649 69 1844 0 11 167 460
1649 91 1855 0 34 156 461
1649 99 1902 0 57 188 462
1657 183 1868 0 58 188 463
1658 1 1687 0 57 187 464
1660 20 1784 0 57 188 465
1667 1 1937 0 60 188 466
1667 3 1779 0 57 188 467
1671 14 1807 0 57 188 468
1672 5 1779 0 57 187 469
1672 10 1902 0 63 190 470
1676 1 1892 0 59 188 471
1681 8 1696 0 59 188 472
1681 20 1829 0 57 188 473
1696 6 1773 0 58 188 474
1719 8 1902 0 58 188 475
1720 4 1845 0 53 185 476
1723 20 1841 0 63 190 477
1737 1 1951 0 58 186 478
1739 1 1808 0 55 162 479
1740 11 1952 0 57 186 480
1751 19 1913 0 64 189 481
1792 5 1835 0 70 195 482
1799 1 1802 0 60 177 483
1809 4 1841 0 57 186 484
1817 4 1836 0 56 185 485
1820 9 1903 0 60 186 486
1821 1 1894 0 96 197 487
1826 114 1947 0 58 185 488
1830 16 1961 0 62 189 489
1835 1 1878 0 58 186 490
1855 5 1901 0 60 189 491
1858 5 1950 0 57 186 492
1861 1 1914 0 60 189 493
1863 10 1949 0 58 188 494
1882 75 1971 0 57 187 495
1883 8 1923 0 63 190 496
1887 2 1901 0 57 187 497
1889 2 1960 0 62 189 498
1897 1 1903 0 58 186 499
1898 12 1946 0 33 158 500
