50
133 172
116 149
133 106
127 170
130 169
103 152
106 166
143 170
155 149
122 169
155 104
105 151
171 157
113 143
111 147
119 100
152 144
124 111
131 100
128 137
152 152
113 166
163 158
106 153
161 135
161 160
112 139
144 171
183 153
113 106
136 162
138 162
168 115
181 129
137 169
143 165
158 159
161 148
110 141
132 149
151 103
143 96
100 154
107 157
107 166
183 128
107 164
174 139
120 167
113 163
0 64 119 0 78 190 1
0 346 591 1 96 195 2
0 411 1013 1 96 197 3
0 548 1372 0 96 197 4
0 558 1516 1 67 174 5
0 632 1544 1 96 197 6
0 670 1058 0 33 158 7
0 794 1971 0 96 197 8
0 824 1275 1 33 156 9
23 127 224 0 100 196 10
24 337 662 1 96 197 11
24 507 1119 1 94 198 12
25 492 1226 0 102 197 13
25 552 1428 1 95 197 14
26 513 1536 1 96 197 15
36 280 797 0 99 196 16
45 638 1502 0 96 197 17
45 834 1668 0 96 198 18
46 2 53 1 74 186 19
47 45 175 0 63 190 20
53 6 69 1 97 197 21
53 754 1241 1 63 190 22
54 920 1703 1 97 196 23
66 288 931 1 95 197 24
72 462 814 0 94 197 25
74 451 778 1 96 197 26
76 810 1767 1 95 198 27
95 181 401 0 93 198 28
97 315 839 1 96 197 29
102 299 613 0 101 196 30
105 86 320 1 96 198 31
105 419 1351 1 96 197 32
105 1217 1977 1 92 198 33
127 173 488 0 96 196 34
127 750 1877 1 97 197 35
127 847 1872 1 93 198 36
133 529 944 0 146 165 37
135 530 1091 1 95 190 38
157 312 699 1 97 196 39
167 49 263 0 96 196 40
167 513 1355 1 95 197 41
167 985 1991 1 96 196 42
168 321 920 1 136 177 43
168 504 1182 1 93 198 44
173 515 1703 1 117 190 45
175 1001 1889 1 101 197 46
178 312 768 1 96 196 47
178 364 867 1 135 177 48
184 267 831 1 101 197 49
188 490 1086 1 96 197 50
189 132 582 1 96 197 51
189 140 542 0 101 196 52
189 154 618 0 101 197 53
189 429 1256 1 102 196 54
189 575 1627 0 98 196 55
190 593 1814 0 98 197 56
206 1145 1992 1 96 197 57
207 199 785 1 96 198 58
209 283 829 1 100 196 59
214 288 766 1 101 197 60
217 109 460 1 96 197 61
217 379 792 0 96 197 62
217 461 1361 1 96 195 63
218 486 1041 1 95 197 64
227 954 1672 1 95 197 65
228 644 1853 1 97 196 66
228 667 1303 1 93 199 67
236 47 356 1 96 198 68
237 102 543 0 95 196 69
248 1000 1932 1 96 197 70
291 206 821 0 96 197 71
291 255 907 1 96 197 72
291 361 1066 1 96 197 73
291 414 1499 1 103 196 74
291 731 1849 0 96 197 75
292 536 1840 1 102 197 76
308 389 1311 1 94 196 77
309 18 346 1 100 197 78
311 347 1003 0 92 199 79
311 583 1488 0 96 196 80
312 531 1684 1 112 193 81
321 521 1463 0 110 196 82
321 743 1692 1 92 198 83
322 154 671 0 95 197 84
343 577 1809 1 94 198 85
347 490 1516 0 97 197 86
348 410 1525 1 96 196 87
350 708 1428 1 96 197 88
363 288 1116 1 2 167 89
363 560 1599 0 93 197 90
367 251 900 1 31 161 91
373 88 577 1 34 155 92
375 391 1006 0 51 124 93
384 268 1190 1 69 11 94
412 468 1815 1 57 188 95
414 41 526 1 69 11 96
414 279 1181 1 68 10 97
419 822 1789 0 69 11 98
421 349 1213 1 69 10 99
423 25 476 1 70 11 100
423 95 612 1 69 10 101
423 367 1148 1 70 11 102
425 18 476 1 70 11 103
431 30 511 1 69 11 104
431 103 690 1 69 11 105
431 413 1361 1 68 11 106
434 586 1560 1 68 11 107
440 697 1615 0 68 10 108
445 31 534 1 69 10 109
452 418 1638 0 69 11 110
453 730 1647 1 68 11 111
454 423 1187 1 67 10 112
463 189 768 1 69 11 113
463 731 1657 1 70 10 114
471 519 1933 1 71 10 115
471 743 1802 1 69 11 116
474 624 1942 0 69 11 117
476 173 912 1 69 10 118
476 410 1562 1 68 11 119
481 605 1584 1 70 10 120
484 624 1536 1 68 11 121
496 430 1452 1 68 11 122
503 48 603 1 70 11 123
503 317 1160 1 67 11 124
512 87 673 1 69 10 125
515 477 1745 1 69 11 126
525 240 988 1 70 10 127
536 61 658 0 69 11 128
536 404 1357 0 69 10 129
538 403 1725 1 69 10 130
545 205 898 1 68 10 131
546 202 937 1 69 11 132
546 728 1929 1 69 10 133
547 425 1569 1 70 10 134
547 627 1856 1 69 11 135
548 73 752 1 68 10 136
548 373 1321 0 68 11 137
548 608 1689 0 70 10 138
549 911 1938 1 68 10 139
554 325 1247 1 69 10 140
562 783 1957 1 69 10 141
566 107 769 1 69 11 142
574 193 1103 0 51 124 143
575 204 1164 0 51 124 144
607 400 1694 1 51 124 145
629 118 925 1 51 125 146
636 125 900 0 51 124 147
637 400 1305 1 51 125 148
639 275 1451 1 51 125 149
640 17 691 1 52 125 150
640 334 1519 1 51 125 151
643 470 1547 0 51 125 152
646 348 1651 1 51 125 153
647 355 1204 0 51 124 154
647 520 1487 1 51 125 155
648 94 894 1 51 125 156
649 258 1192 1 51 124 157
649 322 1360 1 51 125 158
649 382 1492 1 49 126 159
650 407 1764 1 53 127 160
657 289 1450 0 54 126 161
659 137 1010 1 51 124 162
660 376 1768 1 52 125 163
665 208 1277 1 50 124 164
668 137 1056 1 34 133 165
668 302 1201 1 52 111 166
669 229 1115 1 53 124 167
669 322 1317 1 52 125 168
669 357 1362 1 51 124 169
671 114 982 1 52 111 170
671 273 1377 1 52 125 171
679 332 1315 0 51 124 172
687 180 1035 1 51 124 173
688 596 1596 1 51 124 174
689 46 774 0 51 124 175
690 91 887 1 51 125 176
698 509 1789 1 51 125 177
699 81 834 1 51 125 178
699 105 903 1 51 125 179
700 88 921 1 50 124 180
700 211 1167 1 53 125 181
700 258 1467 1 50 124 182
700 306 1366 1 49 124 183
700 321 1543 0 53 126 184
700 348 1366 1 50 125 185
700 462 1705 1 53 134 186
700 531 1702 1 52 125 187
700 676 1954 1 51 125 188
701 114 1026 1 54 121 189
709 30 759 1 52 124 190
710 321 1520 0 52 125 191
711 444 1734 0 51 125 192
716 54 806 0 51 125 193
718 645 1928 1 72 196 194
719 177 1023 1 67 10 195
719 794 1939 1 70 10 196
721 230 1264 1 63 11 197
721 309 1453 1 36 154 198
721 488 1843 1 61 10 199
730 488 1647 1 63 190 200
732 315 1583 1 70 10 201
732 368 1732 1 61 9 202
732 435 1750 0 67 10 203
732 440 1793 1 65 10 204
742 177 1183 1 68 10 205
749 219 1099 0 69 11 206
749 709 1834 1 69 11 207
750 350 1327 1 68 11 208
758 463 1973 1 69 10 209
759 512 1533 1 140 24 210
760 587 1777 1 65 11 211
762 537 1938 1 96 197 212
768 135 1130 1 150 164 213
768 229 1243 1 130 172 214
770 364 1601 1 99 196 215
771 559 1880 1 97 196 216
773 167 1185 0 58 185 217
773 344 1669 0 96 196 218
780 606 1797 1 49 124 219
782 124 1148 1 33 155 220
783 26 853 0 64 188 221
791 576 1810 1 57 186 222
792 365 1500 1 57 187 223
792 375 1519 1 57 187 224
793 77 982 1 58 187 225
794 317 1710 1 57 187 226
797 390 1428 1 57 187 227
801 405 1985 1 57 187 228
808 505 1823 1 52 180 229
812 36 881 1 93 199 230
820 294 1704 1 33 156 231
821 302 1288 1 34 157 232
823 578 1962 1 101 197 233
844 247 1418 1 96 197 234
862 542 1692 1 97 197 235
865 209 1445 1 31 157 236
874 112 1086 1 33 157 237
882 80 1062 1 32 156 238
883 268 1334 1 33 156 239
885 270 1459 1 33 156 240
885 465 1815 0 33 156 241
889 147 1293 0 34 155 242
890 362 1694 1 33 157 243
895 61 1061 1 33 157 244
903 334 1674 1 63 21 245
903 404 1526 1 33 156 246
905 74 1070 0 33 156 247
910 177 1426 1 34 157 248
913 199 1494 1 33 156 249
915 69 1048 1 33 157 250
915 284 1457 1 33 156 251
915 434 1861 1 32 158 252
916 109 1223 1 33 156 253
916 372 1811 1 33 156 254
921 378 1756 1 33 157 255
922 85 1128 1 61 189 256
924 511 1820 1 68 169 257
927 208 1547 1 57 187 258
933 185 1420 0 55 162 259
935 102 1121 0 57 187 260
943 42 1048 1 96 197 261
944 414 1574 1 51 125 262
945 298 1500 1 68 11 263
946 10 970 1 35 151 264
946 189 1344 1 50 185 265
947 155 1412 1 87 198 266
947 298 1841 1 57 188 267
954 274 1763 1 58 186 268
955 102 1139 1 88 198 269
957 304 1861 1 57 186 270
961 302 1843 0 57 187 271
966 44 1072 0 57 187 272
966 236 1603 1 57 186 273
966 304 1863 0 57 187 274
972 225 1523 1 58 187 275
994 101 1226 1 34 154 276
1005 335 1555 1 60 188 277
1013 163 1468 0 32 157 278
1016 297 1522 1 32 159 279
1018 123 1298 1 105 194 280
1018 215 1511 0 33 156 281
1024 561 1896 1 69 11 282
1027 185 1415 1 33 157 283
1028 180 1433 0 12 163 284
1028 215 1481 1 118 188 285
1029 193 1599 1 79 196 286
1035 281 1756 1 33 154 287
1038 95 1256 1 34 157 288
1039 149 1467 1 33 157 289
1046 93 1244 1 34 156 290
1054 49 1141 0 33 156 291
1056 284 1871 0 33 156 292
1057 179 1553 1 33 157 293
1059 268 1644 1 35 154 294
1065 285 1578 1 57 186 295
1069 206 1512 1 91 193 296
1070 84 1308 1 70 10 297
1077 127 1409 1 58 183 298
1084 238 1464 0 33 157 299
1089 4 1101 1 31 153 300
1096 186 1589 0 88 199 301
1097 270 1824 0 97 197 302
1110 178 1614 1 97 196 303
1128 271 1540 1 58 187 304
1131 83 1366 1 57 188 305
1137 23 1209 0 57 188 306
1139 196 1476 1 52 125 307
1139 216 1501 1 58 185 308
1141 197 1592 1 52 125 309
1147 9 1175 1 51 125 310
1150 199 1670 0 51 125 311
1152 261 1850 1 52 125 312
1159 209 1515 1 51 124 313
1160 47 1254 1 51 124 314
1162 195 1694 1 51 124 315
1167 100 1406 1 51 124 316
1171 132 1501 1 51 125 317
1180 2 1186 1 51 124 318
1181 71 1324 1 51 124 319
1190 450 1982 1 52 124 320
1191 130 1515 1 51 124 321
1191 241 1717 1 50 124 322
1192 95 1402 1 50 124 323
1192 273 1875 1 51 124 324
1199 202 1529 1 50 124 325
1200 278 1681 1 50 124 326
1201 77 1357 0 97 196 327
1210 413 1868 1 97 197 328
1218 76 1435 1 97 196 329
1223 288 1832 1 33 157 330
1240 100 1481 1 33 157 331
1240 134 1509 0 33 157 332
1248 340 1811 1 33 157 333
1249 30 1305 0 33 157 334
1259 44 1329 1 34 157 335
1263 26 1323 0 34 157 336
1263 119 1609 1 33 157 337
1264 141 1669 1 33 156 338
1269 159 1703 0 33 157 339
1269 299 1733 0 35 158 340
1270 135 1551 1 32 157 341
1271 34 1346 0 33 157 342
1271 95 1457 1 33 157 343
1272 93 1513 0 33 157 344
1274 74 1446 0 34 157 345
1274 105 1508 1 33 157 346
1279 100 1563 1 33 157 347
1280 160 1729 1 33 157 348
1283 132 1538 1 32 157 349
1283 198 1672 1 33 157 350
1283 221 1716 1 32 157 351
1285 152 1734 1 33 157 352
1291 65 1425 0 33 157 353
1293 79 1497 1 36 155 354
1293 366 1958 1 32 157 355
1300 87 1556 0 33 156 356
1302 262 1717 1 33 157 357
1304 141 1718 1 33 157 358
1305 193 1811 1 33 156 359
1311 136 1524 1 33 157 360
1311 280 1957 1 33 157 361
1313 58 1447 1 32 157 362
1313 161 1762 1 33 157 363
1313 282 1849 1 33 157 364
1322 192 1847 0 33 157 365
1335 124 1606 1 32 158 366
1344 207 1715 1 33 157 367
1345 29 1412 0 32 157 368
1346 7 1367 1 70 10 369
1346 194 1902 1 32 158 370
1353 138 1728 1 69 10 371
1361 249 1993 1 34 156 372
1374 197 1676 0 34 157 373
1376 213 1964 0 48 177 374
1382 175 1826 1 147 165 375
1395 59 1496 1 63 190 376
1396 13 1433 0 57 186 377
1396 45 1523 1 58 186 378
1397 2 1402 1 57 187 379
1397 65 1530 0 82 13 380
1397 84 1579 1 33 156 381
1397 109 1621 0 33 156 382
1402 99 1663 1 41 159 383
1404 75 1620 1 43 166 384
1404 190 1704 1 1 168 385
1425 77 1652 1 123 185 386
1435 170 1693 0 57 187 387
1435 188 1793 1 188 86 388
1435 351 1982 0 40 153 389
1436 167 1733 0 89 199 390
1436 235 1869 1 33 158 391
1437 10 1466 1 57 187 392
1446 174 1789 1 31 158 393
1446 192 1877 0 33 158 394
1446 216 1963 1 140 175 395
1455 129 1826 1 51 124 396
1456 95 1606 1 96 196 397
1456 228 1928 1 57 187 398
1464 172 1969 0 70 162 399
1476 142 1867 1 57 187 400
1478 174 1996 0 81 172 401
1479 81 1703 1 57 187 402
1484 100 1772 0 33 156 403
1495 160 1887 1 32 155 404
1495 194 1989 1 58 187 405
1496 197 1966 1 62 119 406
1496 215 1909 1 33 158 407
1498 207 1937 1 34 156 408
1507 121 1720 1 31 157 409
1508 20 1567 1 33 156 410
1508 88 1684 1 33 156 411
1509 55 1633 0 34 156 412
1509 69 1664 0 34 156 413
1515 76 1689 1 34 154 414
1515 159 1886 1 79 197 415
1519 56 1631 1 59 185 416
1527 76 1668 1 60 188 417
1529 16 1563 1 52 186 418
1529 155 1823 1 59 185 419
1530 150 1974 1 60 189 420
1530 162 2000 1 53 185 421
1556 163 1817 1 77 189 422
1568 43 1674 1 60 189 423
1578 58 1673 1 65 10 424
1578 225 1970 1 60 189 425
1581 73 1765 1 88 5 426
1588 147 1813 1 88 4 427
1599 51 1740 1 70 10 428
1606 143 1857 0 69 10 429
1627 4 1636 1 188 86 430
1631 84 1801 1 188 86 431
1632 13 1671 1 189 86 432
1634 40 1734 1 49 177 433
1637 104 1887 0 49 177 434
1637 141 1906 0 2 168 435
1638 85 1884 1 84 181 436
1648 29 1736 1 93 199 437
1649 38 1735 0 57 188 438
1649 74 1859 0 96 196 439
1651 2 1656 0 71 12 440
1651 7 1666 0 57 188 441
1660 41 1779 0 33 157 442
1660 45 1782 0 58 188 443
1660 110 1910 0 92 199 444
1662 79 1891 0 59 187 445
1669 77 1884 0 58 187 446
1672 56 1817 0 90 199 447
1681 57 1777 0 57 187 448
1681 66 1868 0 57 187 449
1681 98 1833 0 58 186 450
1682 88 1861 0 64 189 451
1683 74 1857 0 57 188 452
1732 20 1768 0 57 187 453
1734 15 1778 0 57 188 454
1735 38 1822 0 51 124 455
1735 63 1881 0 63 190 456
1739 32 1805 0 50 124 457
1741 77 1878 0 2 168 458
1743 89 1967 0 11 167 459
1746 99 1917 0 34 156 460
1750 94 1951 0 57 188 461
1764 7 1781 0 57 188 462
1764 36 1874 0 58 188 463
1764 90 1956 0 57 187 464
1771 95 1963 0 60 188 465
1775 49 1892 0 57 188 466
1782 16 1813 0 57 188 467
1794 37 1896 0 63 190 468
1802 1 1805 0 59 188 469
1802 38 1914 0 57 187 470
1805 43 1893 0 57 188 471
1815 17 1850 0 58 188 472
1815 58 1937 0 58 188 473
1816 41 1910 0 53 185 474
1826 40 1938 0 63 190 475
1833 96 1983 0 58 186 476
1834 30 1883 0 55 162 477
1835 17 1866 0 57 186 478
1836 46 1934 0 70 195 479
1836 57 1966 0 64 189 480
1854 24 1927 0 60 177 481
1855 29 1917 0 57 186 482
1855 50 1999 0 60 186 483
1855 67 1987 0 56 185 484
1863 20 1918 0 96 197 485
1866 6 1880 0 58 185 486
1867 39 1984 0 62 189 487
1867 46 1997 0 58 186 488
1868 1 1872 0 57 187 489
1868 16 1913 0 58 188 490
1868 17 1920 0 60 189 491
1868 27 1948 0 57 186 492
1868 33 1957 0 60 189 493
1869 3 1880 0 63 190 494
1875 9 1900 0 57 187 495
1875 51 1958 0 62 189 496
1893 2 1899 0 58 186 497
1894 34 1976 0 33 158 498
1895 36 1986 0 31 157 499
1897 47 1986 0 34 155 500
