50
133 172
116 149
133 106
127 170
130 169
103 152
106 166
143 170
155 149
122 169
155 104
105 151
171 157
113 143
111 147
119 100
152 144
124 111
131 100
128 137
152 152
113 166
163 158
106 153
161 135
161 160
112 139
144 171
183 153
113 106
136 162
138 162
168 115
181 129
137 169
143 165
158 159
161 148
110 141
132 149
151 103
143 96
100 154
107 157
107 166
183 128
107 164
174 139
120 167
113 163
0 5 9 0 57 188 1
0 7 11 0 57 187 2
0 29 34 0 96 197 3
0 35 40 0 33 157 4
0 42 48 0 58 183 5
0 43 49 0 33 157 6
0 44 50 0 70 10 7
0 49 55 0 54 126 8
0 65 72 1 51 124 9
0 75 82 0 33 156 10
0 76 83 1 69 11 11
0 84 92 0 97 196 12
0 85 93 0 52 125 13
0 85 93 0 69 11 14
0 89 97 1 69 10 15
0 101 110 0 135 177 16
0 116 126 1 64 188 17
0 120 130 1 34 157 18
0 125 135 1 94 197 19
0 130 140 1 101 197 20
0 134 145 1 94 198 21
0 135 146 0 96 197 22
0 151 162 0 33 158 23
0 154 166 1 96 197 24
0 159 236 0 110 196 25
0 164 176 0 53 124 26
0 164 176 0 63 190 27
0 165 177 0 147 165 28
0 168 180 0 51 124 29
0 172 185 0 58 186 30
0 173 186 0 96 197 31
0 174 187 0 33 157 32
0 187 200 0 52 111 33
0 207 221 0 95 197 34
0 218 233 0 112 193 35
0 222 237 0 69 10 36
0 222 237 1 63 190 37
0 224 239 0 34 154 38
0 228 243 0 51 124 39
0 231 247 0 36 154 40
0 232 248 0 69 10 41
0 239 255 1 93 199 42
0 241 257 1 32 157 43
0 249 266 0 33 157 44
0 259 276 0 96 195 45
0 261 278 1 69 11 46
0 262 279 1 98 196 47
0 266 283 0 101 197 48
0 266 283 1 55 162 49
0 268 286 1 32 157 50
0 268 286 1 33 156 51
0 270 288 1 51 125 52
0 272 290 1 68 11 53
0 275 293 0 57 187 54
0 280 298 1 93 199 55
0 286 305 0 97 196 56
0 300 319 0 130 172 57
0 304 323 0 96 196 58
0 305 324 0 71 10 59
0 308 328 0 67 10 60
0 310 330 0 48 177 61
0 318 338 1 68 10 62
0 339 360 0 33 157 63
0 342 363 0 94 198 64
0 343 364 0 33 154 65
0 343 364 0 69 10 66
0 345 367 0 33 158 67
0 346 368 0 63 190 68
0 358 380 0 65 11 69
0 360 382 0 33 157 70
0 365 388 1 95 197 71
0 377 400 1 96 198 72
0 384 408 0 68 10 73
0 385 512 1 97 197 74
0 389 413 0 97 197 75
0 389 413 1 96 196 76
0 392 416 0 33 157 77
0 410 435 0 35 151 78
0 413 438 0 69 10 79
0 416 441 1 69 10 80
0 421 447 0 96 197 81
0 425 451 1 51 125 82
0 428 454 1 33 157 83
0 432 458 0 51 125 84
0 437 463 1 33 157 85
0 442 469 0 50 124 86
0 456 483 0 150 164 87
0 458 486 0 68 11 88
0 460 488 0 67 10 89
0 462 490 1 97 196 90
0 476 505 0 31 161 91
0 485 514 1 32 159 92
0 488 517 0 94 196 93
0 495 524 0 96 197 94
0 496 526 0 32 158 95
0 496 526 0 63 21 96
0 498 528 1 61 189 97
0 501 531 0 68 10 98
0 505 535 1 33 156 99
0 537 569 1 33 157 100
0 547 579 0 51 125 101
0 547 579 1 95 190 102
0 549 581 0 33 157 103
0 551 583 1 51 125 104
0 552 584 0 32 157 105
0 555 588 0 1 168 106
0 558 591 0 57 187 107
0 563 596 0 68 11 108
0 564 597 1 51 124 109
0 572 606 0 96 196 110
0 576 610 0 51 125 111
0 587 621 0 68 11 112
0 587 621 0 69 11 113
0 590 624 0 93 198 114
0 591 626 1 101 197 115
0 597 632 1 51 124 116
0 609 644 0 34 156 117
0 609 644 0 34 157 118
0 612 648 0 32 157 119
0 612 648 0 33 157 120
0 624 660 0 31 157 121
0 625 661 0 63 11 122
0 626 662 0 51 124 123
0 627 663 0 50 124 124
0 627 663 0 95 197 125
0 628 664 0 33 156 126
0 629 666 1 69 11 127
0 640 677 1 99 196 128
0 645 682 1 70 10 129
0 650 688 1 70 10 130
0 670 709 1 96 197 131
0 674 713 0 58 187 132
0 680 719 0 43 166 133
0 694 734 1 68 11 134
0 699 739 0 51 124 135
0 700 740 0 69 10 136
0 708 749 0 96 196 137
0 716 757 0 33 156 138
0 718 759 0 69 11 139
0 725 767 0 78 190 140
0 729 771 1 70 10 141
0 731 909 1 2 167 142
0 732 774 1 136 177 143
0 736 778 0 69 11 144
0 741 783 0 58 187 145
0 746 789 0 52 124 146
0 754 797 0 96 198 147
0 758 801 0 33 156 148
0 762 806 0 51 124 149
0 763 807 0 51 124 150
0 763 807 0 70 10 151
0 766 810 0 33 156 152
0 768 812 0 33 157 153
0 773 817 0 74 186 154
0 778 822 0 51 124 155
0 780 824 0 102 197 156
0 781 826 1 33 157 157
0 783 828 0 101 197 158
0 792 837 0 33 157 159
0 804 850 1 69 11 160
0 808 854 0 69 11 161
0 810 856 0 33 156 162
0 817 863 0 101 196 163
0 822 869 0 69 11 164
0 834 881 0 70 11 165
0 835 882 1 70 10 166
0 839 887 1 57 187 167
0 843 891 1 93 198 168
0 846 894 0 96 197 169
0 847 895 1 51 125 170
0 848 896 0 61 9 171
0 852 900 0 89 199 172
0 864 913 0 33 157 173
0 881 931 1 33 156 174
0 883 933 1 51 124 175
0 884 934 0 100 196 176
0 885 935 0 82 13 177
0 893 943 1 68 11 178
0 897 948 0 33 156 179
0 898 949 0 58 185 180
0 903 954 0 57 186 181
0 903 954 0 57 187 182
0 919 971 1 67 11 183
0 924 976 0 96 198 184
0 932 984 0 123 185 185
0 943 996 0 50 124 186
0 943 996 0 57 186 187
0 946 999 1 88 199 188
0 957 1011 0 50 124 189
0 970 1024 1 96 197 190
0 979 1034 0 96 196 191
0 980 1035 0 93 197 192
0 982 1037 1 57 187 193
0 983 1038 1 52 124 194
0 994 1050 0 50 124 195
0 1004 1060 0 33 157 196
0 1018 1075 1 51 124 197
0 1020 1077 0 34 156 198
0 1038 1096 1 97 196 199
0 1039 1097 0 36 155 200
0 1041 1099 0 51 124 201
0 1043 1101 1 33 157 202
0 1043 1101 1 52 125 203
0 1048 1107 1 97 197 204
0 1052 1111 0 68 11 205
0 1056 1115 0 70 11 206
0 1056 1115 1 68 10 207
0 1060 1119 0 12 163 208
0 1067 1127 1 51 125 209
0 1069 1129 0 57 187 210
0 1074 1134 1 96 197 211
0 1085 1146 1 69 10 212
0 1099 1160 0 68 11 213
0 1106 1168 0 33 157 214
0 1107 1169 0 41 159 215
0 1118 1180 1 33 156 216
0 1125 1188 0 49 126 217
0 1126 1189 1 33 156 218
0 1135 1198 1 51 124 219
0 1151 1215 0 70 11 220
0 1152 1216 0 95 197 221
0 1164 1229 0 96 197 222
0 1167 1232 0 33 156 223
0 1173 1238 0 96 197 224
0 1187 1253 0 33 157 225
0 1190 1256 0 33 156 226
0 1190 1256 0 53 134 227
0 1195 1261 0 51 124 228
0 1198 1265 0 34 155 229
0 1202 1269 0 49 124 230
0 1204 1271 1 33 156 231
0 1221 1289 0 97 197 232
0 1228 1296 1 51 125 233
0 1229 1297 0 69 11 234
0 1229 1297 0 95 196 235
0 1238 1307 0 33 157 236
0 1243 1312 1 65 10 237
0 1244 1313 0 31 158 238
0 1250 1319 0 61 10 239
0 1253 1322 1 57 186 240
0 1255 1325 0 34 155 241
0 1262 1332 0 32 157 242
0 1262 1332 0 52 180 243
0 1267 1337 0 32 158 244
0 1268 1338 0 58 185 245
0 1274 1345 0 91 193 246
0 1278 1349 0 50 185 247
0 1278 1349 0 69 11 248
0 1294 1366 0 52 125 249
0 1297 1369 1 52 125 250
0 1300 1372 0 70 11 251
0 1300 1372 1 92 199 252
0 1312 1385 0 34 157 253
0 1312 1385 0 69 10 254
0 1313 1386 1 50 125 255
0 1320 1393 0 35 154 256
0 1321 1394 0 70 10 257
0 1322 1395 0 51 125 258
0 1326 1399 1 68 11 259
0 1331 1404 1 93 198 260
0 1332 1406 1 33 157 261
0 1334 1408 0 51 125 262
0 1335 1409 0 97 197 263
0 1335 1409 1 53 127 264
0 1339 1413 0 33 157 265
0 1344 1418 0 33 156 266
0 1344 1418 0 57 188 267
0 1347 1421 0 57 188 268
0 1348 1422 0 96 197 269
0 1376 1452 0 33 157 270
0 1384 1460 0 51 125 271
0 1388 1464 0 34 157 272
0 1391 1468 1 57 187 273
0 1397 1474 1 57 186 274
0 1398 1475 0 32 156 275
0 1398 1475 0 33 157 276
0 1400 1477 0 88 198 277
0 1404 1481 0 96 197 278
0 1407 1485 0 96 198 279
0 1412 1490 0 33 155 280
0 1413 1491 0 96 197 281
0 1418 1496 1 101 196 282
0 1421 1499 0 52 125 283
0 1428 1507 1 118 188 284
0 1429 1508 0 67 174 285
0 1431 1510 1 95 197 286
0 1436 1515 0 97 196 287
0 1443 1522 1 34 157 288
0 1447 1527 0 72 196 289
0 1447 1527 1 33 157 290
0 1449 1529 0 102 197 291
0 1451 1531 0 33 157 292
0 1455 1535 0 96 197 293
0 1467 1548 0 69 11 294
0 1469 1550 1 70 10 295
0 1470 1551 0 51 125 296
0 1471 1552 0 57 187 297
0 1476 1557 0 34 157 298
0 1479 1560 0 53 125 299
0 1488 1570 0 69 11 300
0 1492 1574 0 51 124 301
0 1502 1585 1 68 10 302
0 1503 1586 0 51 125 303
0 1505 1588 0 31 153 304
0 1508 1591 0 105 194 305
0 1515 1598 0 96 197 306
0 1521 1604 0 32 157 307
0 1521 1604 0 50 124 308
0 1524 1608 0 33 157 309
0 1527 1611 1 51 124 310
0 1528 1612 0 101 197 311
0 1528 1612 1 52 125 312
0 1528 1612 1 57 187 313
0 1533 1617 0 96 197 314
0 1551 1636 0 51 125 315
0 1554 1639 0 96 197 316
0 1559 1645 0 33 157 317
0 1563 1649 0 96 196 318
0 1564 1650 0 34 157 319
0 1564 1650 1 57 188 320
0 1571 1657 1 53 126 321
0 1575 1661 0 69 11 322
0 1579 1666 0 68 10 323
0 1585 1672 1 52 125 324
0 1597 1685 0 40 153 325
0 1598 1686 0 51 124 326
0 1606 1694 1 96 196 327
0 1608 1696 0 98 197 328
0 1609 1697 1 33 156 329
0 1618 1707 0 70 10 330
0 1623 1712 0 32 158 331
0 1627 1716 0 99 196 332
0 1630 1719 1 58 187 333
0 1642 1732 1 51 124 334
0 1645 1735 1 51 124 335
0 1649 1739 0 54 121 336
0 1650 1740 0 63 190 337
0 1654 1744 1 69 11 338
0 1660 1751 0 33 157 339
0 1670 1761 0 69 10 340
0 1670 1761 1 69 10 341
0 1673 1765 0 33 157 342
0 1675 1767 0 102 196 343
0 1685 1777 1 69 10 344
0 1688 1780 0 51 125 345
0 1691 1783 0 96 197 346
0 1697 1790 1 34 133 347
0 1701 1794 1 97 196 348
0 1711 1804 0 57 187 349
0 1711 1804 1 96 197 350
0 1715 1809 1 60 188 351
0 1723 1817 0 97 197 352
0 1724 1818 0 95 198 353
0 1732 1827 0 33 157 354
0 1739 1834 0 33 157 355
0 1739 1834 0 51 125 356
0 1739 1834 1 96 197 357
0 1754 1850 1 117 190 358
0 1758 1854 0 35 158 359
0 1759 1855 0 67 10 360
0 1767 1863 0 49 124 361
0 1770 1979 1 51 125 362
0 1776 1873 1 96 197 363
0 1780 1877 0 33 158 364
0 1780 1877 0 51 125 365
0 1780 1877 0 52 111 366
0 1798 1896 0 188 86 367
0 1803 1901 0 79 196 368
0 1805 1903 1 68 169 369
0 1806 1905 0 100 196 370
0 1812 1911 0 146 165 371
0 1813 1912 0 103 196 372
0 1817 1916 0 50 124 373
0 1818 1917 0 97 196 374
0 1825 1924 1 32 157 375
0 1829 1929 1 92 198 376
0 1830 1930 0 96 197 377
0 1834 1934 0 52 125 378
0 1843 1943 1 140 24 379
0 1844 1945 1 92 198 380
0 1846 1947 1 52 125 381
0 1851 1952 1 58 186 382
0 1852 1953 0 57 187 383
0 1853 1954 0 57 187 384
0 1853 1954 0 96 195 385
0 1859 1960 0 51 124 386
0 1872 1974 0 33 156 387
0 1872 1974 1 51 125 388
0 1875 1977 0 57 186 389
0 1877 1979 0 100 197 390
0 1879 1981 0 52 125 391
0 1882 1985 0 33 156 392
0 1894 1997 1 95 197 393
73 47 142 0 140 175 394
186 108 351 0 51 124 395
208 1253 1529 0 96 196 396
215 658 1013 0 57 187 397
227 472 725 0 70 162 398
235 137 394 0 57 187 399
265 1587 1938 0 81 172 400
267 702 1168 0 57 187 401
277 804 1389 0 33 156 402
301 146 457 0 32 155 403
376 939 1631 0 58 187 404
389 196 624 0 33 158 405
393 230 639 0 62 119 406
393 882 1325 0 34 156 407
399 723 1164 0 31 157 408
405 989 1450 0 33 156 409
405 1362 1842 0 33 156 410
431 174 652 0 34 156 411
431 417 871 0 34 156 412
473 591 1324 0 34 154 413
475 648 1160 0 79 197 414
505 243 763 0 59 185 415
505 696 1240 0 60 188 416
506 782 1331 0 52 186 417
522 1031 1759 0 59 185 418
533 631 1376 0 53 185 419
542 858 1488 0 60 189 420
550 296 933 0 77 189 421
553 1171 1973 0 60 189 422
595 809 1449 0 60 189 423
608 223 844 0 65 10 424
614 1277 1960 0 88 5 425
677 588 1480 0 88 4 426
697 680 1651 0 70 10 427
713 750 1741 0 69 10 428
717 107 853 0 188 86 429
720 1074 1854 0 188 86 430
733 127 869 0 189 86 431
737 296 1050 0 49 177 432
748 903 1869 0 49 177 433
758 77 873 0 2 168 434
768 658 1464 0 84 181 435
773 70 848 0 93 199 436
790 414 1228 0 96 196 437
819 111 951 0 57 188 438
819 418 1262 0 71 12 439
832 501 1362 0 57 188 440
839 152 1013 0 33 157 441
882 339 1357 0 92 199 442
898 52 955 0 58 188 443
905 454 1384 0 59 187 444
907 94 1008 0 58 187 445
931 414 1389 0 90 199 446
933 684 1877 0 57 187 447
1003 805 1933 0 58 186 448
1070 300 1387 0 57 187 449
1077 451 1555 0 64 189 450
1088 335 1442 0 57 188 451
1092 178 1283 0 57 188 452
1092 266 1375 0 57 187 453
1119 453 1599 0 63 190 454
1153 89 1286 0 51 124 455
1158 335 1630 0 51 124 456
1178 269 1463 0 50 124 457
1190 194 1396 0 2 168 458
1213 102 1323 0 11 167 459
1216 157 1384 0 34 156 460
1226 73 1304 0 57 188 461
1226 530 1947 0 58 188 462
1227 444 1880 0 57 187 463
1230 547 1809 0 57 188 464
1238 62 1305 0 60 188 465
1243 172 1427 0 57 188 466
1247 648 1931 0 57 188 467
1251 42 1316 0 63 190 468
1268 250 1537 0 57 187 469
1271 509 1808 0 59 188 470
1279 108 1403 0 59 188 471
1308 476 1812 0 57 188 472
1318 400 1742 0 58 188 473
1373 228 1714 0 58 188 474
1402 448 1876 0 53 185 475
1424 214 1743 0 63 190 476
1429 305 1753 0 55 162 477
1429 374 1825 0 58 186 478
1490 178 1679 0 57 186 479
1575 305 1913 0 64 189 480
1605 324 1950 0 70 195 481
1614 53 1673 0 60 177 482
1615 220 1849 0 57 186 483
1628 14 1644 0 56 185 484
1639 210 1862 0 60 186 485
1657 1 1661 0 96 197 486
1669 50 1736 0 58 185 487
1679 25 1709 0 62 189 488
1711 6 1722 0 58 186 489
1771 83 1884 0 60 189 490
1781 129 1918 0 57 186 491
1800 98 1907 0 60 189 492
1817 54 1875 0 58 188 493
1821 125 1962 0 57 187 494
1824 69 1900 0 63 190 495
1826 103 1936 0 57 187 496
1845 95 1948 0 62 189 497
1862 30 1896 0 58 186 498
1893 75 1986 0 33 158 499
1893 80 1985 0 31 157 500
