50
133 172
116 149
133 106
127 170
130 169
103 152
106 166
143 170
155 149
122 169
155 104
105 151
171 157
113 143
111 147
119 100
152 144
124 111
131 100
128 137
152 152
113 166
163 158
106 153
161 135
161 160
112 139
144 171
183 153
113 106
136 162
138 162
168 115
181 129
137 169
143 165
158 159
161 148
110 141
132 149
151 103
143 96
100 154
107 157
107 166
183 128
107 164
174 139
120 167
113 163
0 22 1385 0 78 190 1
20 2 40 1 33 158 2
21 33 1299 1 67 174 3
25 9 1385 1 33 156 4
29 20 591 0 96 197 5
38 68 1554 1 96 197 6
39 64 1708 0 96 197 7
41 133 1854 1 96 195 8
45 1 202 1 96 197 9
51 184 1211 0 100 196 10
52 1 142 1 96 197 11
71 34 773 1 94 198 12
72 12 1272 1 95 197 13
73 76 333 0 102 197 14
73 166 1708 1 96 197 15
74 23 413 0 99 196 16
75 1 716 0 96 197 17
75 66 491 1 96 198 18
76 1 1235 0 74 186 19
82 49 890 1 63 190 20
95 102 1877 0 63 190 21
99 1 313 0 97 197 22
111 33 1257 1 97 196 23
112 59 354 0 95 197 24
142 1 390 1 94 197 25
143 114 858 1 96 197 26
145 1 162 1 95 198 27
148 39 1009 1 93 198 28
156 53 1342 1 96 197 29
165 41 964 1 101 196 30
170 107 528 1 96 197 31
174 92 918 1 96 198 32
179 71 1773 1 92 198 33
180 175 1525 1 96 196 34
191 1 1040 0 93 198 35
192 16 593 1 146 165 36
192 37 1149 1 97 197 37
193 32 748 1 95 190 38
195 2 702 1 95 197 39
195 99 1681 0 96 196 40
195 147 1324 1 97 196 41
196 57 1824 1 96 196 42
197 172 1018 1 136 177 43
201 52 494 0 93 198 44
203 101 1645 0 117 190 45
205 32 1295 1 96 196 46
205 38 1524 1 135 177 47
205 56 1797 1 101 197 48
207 17 1541 1 101 197 49
208 37 1029 1 96 197 50
209 1 719 0 101 197 51
210 9 411 1 96 197 52
210 101 691 1 102 196 53
212 41 1126 1 101 196 54
212 42 1023 1 98 196 55
214 1 1108 1 96 197 56
214 3 320 1 98 197 57
215 37 1503 1 96 198 58
218 163 1920 1 100 196 59
222 10 1672 1 96 197 60
222 213 1239 1 101 197 61
224 35 1220 0 96 197 62
228 29 617 1 96 195 63
230 199 1923 1 95 197 64
233 130 1100 1 95 197 65
236 12 597 1 93 199 66
236 23 1141 1 96 198 67
236 238 1647 0 97 196 68
238 227 1942 1 95 196 69
249 398 1742 1 96 197 70
250 5 938 1 96 197 71
260 42 857 1 96 197 72
269 52 574 1 96 197 73
291 43 1081 1 103 196 74
302 14 890 1 96 197 75
304 38 502 0 94 196 76
304 182 1213 1 102 197 77
305 3 329 1 96 196 78
305 71 1230 0 100 197 79
309 58 1515 1 92 199 80
318 11 649 1 112 193 81
328 341 1724 1 92 198 82
340 227 1247 1 110 196 83
341 83 1647 0 95 197 84
342 206 1617 0 94 198 85
344 162 1128 0 97 197 86
347 31 984 1 96 196 87
348 15 1902 1 96 197 88
348 76 652 0 2 167 89
354 253 1314 1 93 197 90
356 34 856 1 31 161 91
357 7 498 0 34 155 92
358 9 1722 1 51 124 93
362 1 1380 1 69 11 94
364 283 1453 1 57 188 95
365 34 1236 0 69 11 96
371 31 803 1 69 11 97
371 145 1945 0 68 10 98
372 68 724 1 69 10 99
375 121 1123 1 70 11 100
377 3 507 0 69 10 101
399 20 586 1 70 11 102
399 148 1191 1 69 11 103
405 413 1719 0 69 11 104
408 2 513 1 68 11 105
408 12 785 1 68 11 106
410 11 734 1 68 10 107
417 3 1168 1 69 10 108
419 7 620 1 69 11 109
422 103 818 1 68 11 110
424 53 1404 0 67 10 111
425 107 1412 1 70 10 112
426 76 1415 1 69 11 113
429 11 993 1 71 10 114
430 1 780 1 69 11 115
432 66 1299 0 68 11 116
432 120 1645 1 69 11 117
437 15 733 1 69 10 118
437 112 1238 1 70 10 119
440 156 1481 0 68 11 120
441 14 793 1 68 11 121
448 1 836 1 67 11 122
449 1 1907 1 70 11 123
452 64 1882 1 69 10 124
460 10 1455 1 69 11 125
464 1 1176 1 70 10 126
465 35 1299 1 69 10 127
471 21 908 1 69 11 128
472 6 626 1 69 10 129
478 1 1553 1 68 10 130
478 83 1202 1 69 11 131
487 2 525 1 69 10 132
493 99 1606 1 70 10 133
494 23 614 1 69 11 134
498 1 1837 1 68 11 135
521 42 1616 0 68 10 136
528 16 692 0 70 10 137
535 15 648 1 68 10 138
538 8 816 1 69 10 139
538 287 1520 0 69 10 140
543 2 903 0 69 11 141
543 7 913 1 51 124 142
543 45 1415 1 51 124 143
549 82 1578 0 51 124 144
553 22 1880 1 51 124 145
553 50 1175 1 51 125 146
554 49 1408 1 51 125 147
555 4 808 1 51 125 148
557 4 1688 1 51 125 149
570 27 937 1 52 125 150
572 60 1092 1 51 125 151
576 4 939 1 51 125 152
583 1 1884 1 51 125 153
583 75 1318 1 51 124 154
586 62 1175 1 51 125 155
586 116 1889 0 51 125 156
592 1 1826 1 51 124 157
596 324 1810 1 49 126 158
597 59 1019 0 53 127 159
598 4 958 1 54 126 160
601 61 1282 1 51 124 161
603 3 1547 1 52 125 162
604 3 689 1 50 124 163
613 1 651 0 34 133 164
617 158 1921 1 52 111 165
618 33 1478 1 53 124 166
618 139 1770 1 51 124 167
622 35 984 1 52 111 168
622 37 1453 0 52 125 169
623 7 1629 1 52 125 170
626 7 730 1 51 124 171
626 66 945 1 51 124 172
628 22 749 0 51 124 173
632 96 1751 0 51 124 174
633 69 1466 1 51 125 175
641 101 1263 0 51 125 176
641 164 1784 1 51 125 177
642 159 1378 1 52 125 178
643 23 1149 1 51 125 179
643 60 1989 1 52 125 180
645 141 1880 0 50 124 181
651 27 1114 1 53 126 182
653 80 1908 1 53 134 183
653 86 1584 0 50 125 184
654 8 815 0 49 124 185
655 32 1494 1 51 125 186
659 95 1764 0 50 124 187
665 11 1498 1 53 125 188
670 26 1239 1 52 124 189
670 74 1681 0 54 121 190
672 198 1506 0 52 125 191
675 1 738 1 51 125 192
675 90 1322 1 51 125 193
676 254 1493 1 72 196 194
680 31 990 1 67 10 195
687 18 886 1 70 10 196
689 46 1717 1 61 10 197
693 7 737 1 63 11 198
695 1 1013 1 36 154 199
704 23 1507 1 63 190 200
707 79 1503 0 65 10 201
708 11 766 1 67 10 202
709 7 762 1 61 9 203
714 25 1314 0 68 10 204
714 52 1238 1 70 10 205
719 11 947 0 69 11 206
720 10 1498 1 68 11 207
720 283 1733 1 69 11 208
723 1 1185 1 69 10 209
725 43 1955 0 140 24 210
727 58 1372 1 65 11 211
728 239 1555 0 96 197 212
730 137 1486 1 130 172 213
731 2 1168 1 99 196 214
731 84 1676 0 150 164 215
734 13 1015 1 97 196 216
737 26 1401 0 96 196 217
741 5 1217 1 58 185 218
741 277 1607 0 49 124 219
742 38 1581 1 64 188 220
742 63 1679 0 33 155 221
743 12 1980 1 57 186 222
744 63 1085 1 57 187 223
744 81 1626 1 57 187 224
753 52 912 1 58 187 225
755 20 894 1 57 187 226
757 9 814 1 57 187 227
759 41 1564 0 57 187 228
759 106 1833 1 52 180 229
760 15 1105 1 93 199 230
763 48 1074 1 33 156 231
766 1 1969 1 34 157 232
774 201 1610 1 101 197 233
779 33 1469 1 96 197 234
785 144 1459 0 97 197 235
790 46 1239 1 31 157 236
793 7 917 1 33 157 237
794 7 1181 1 32 156 238
798 163 1671 0 33 156 239
800 52 1186 1 33 156 240
820 18 1364 1 33 156 241
828 1 854 1 34 155 242
830 2 1214 0 33 157 243
838 1 985 0 33 157 244
838 1 1250 1 63 21 245
842 26 1506 1 33 156 246
844 310 1979 0 33 156 247
854 153 1413 1 34 157 248
861 4 1948 0 33 156 249
863 12 973 1 32 158 250
863 40 1235 1 33 157 251
865 22 1393 1 33 156 252
878 3 1799 1 33 156 253
887 171 1701 1 33 156 254
890 41 1800 1 61 189 255
890 63 1706 1 33 157 256
890 115 1558 1 68 169 257
892 1 1340 1 57 187 258
892 4 1424 0 55 162 259
892 20 1503 1 57 187 260
894 3 959 1 96 197 261
895 85 1206 1 51 125 262
899 49 1981 1 68 11 263
907 224 1756 1 50 185 264
910 3 1631 1 35 151 265
911 58 1392 0 87 198 266
916 67 1757 1 58 186 267
916 115 1917 1 57 188 268
918 1 1501 1 57 186 269
918 4 1922 1 88 198 270
919 1 1605 1 57 187 271
929 111 1781 1 57 187 272
939 55 1557 1 57 186 273
943 145 1856 1 57 187 274
944 27 1167 1 34 154 275
944 92 1705 1 58 187 276
953 1 1269 1 60 188 277
954 39 1405 1 32 159 278
954 186 1947 1 32 157 279
955 1 974 1 33 156 280
963 141 1583 0 105 194 281
966 306 1931 0 69 11 282
979 50 1375 1 33 157 283
986 114 1592 1 12 163 284
1003 28 1985 1 118 188 285
1005 183 1728 1 79 196 286
1012 28 1518 0 33 154 287
1013 39 1384 1 34 157 288
1021 1 1222 1 33 157 289
1021 25 1307 0 34 156 290
1022 42 1834 1 33 156 291
1024 89 1984 0 33 156 292
1027 13 1585 1 33 157 293
1029 1 1431 1 57 186 294
1029 40 1430 1 35 154 295
1034 29 1635 1 91 193 296
1039 8 1188 1 58 183 297
1039 50 1780 1 70 10 298
1047 23 1698 1 33 157 299
1048 1 1840 1 31 153 300
1050 37 1700 1 88 199 301
1052 1 1354 1 97 197 302
1052 41 1899 1 97 196 303
1053 25 1711 1 58 187 304
1054 3 1273 1 57 188 305
1060 1 1700 1 58 185 306
1060 62 1304 1 57 188 307
1061 95 1458 1 52 125 308
1065 14 1934 1 52 125 309
1067 32 1771 1 51 125 310
1071 3 1913 1 51 125 311
1077 15 1860 1 52 125 312
1079 64 1744 0 51 124 313
1085 3 1348 1 51 124 314
1095 15 1571 1 51 124 315
1111 43 1315 0 51 124 316
1114 16 1612 1 51 125 317
1120 2 1614 1 51 124 318
1122 70 1713 0 51 124 319
1133 112 1896 1 52 124 320
1136 1 1353 1 51 124 321
1144 16 1265 1 50 124 322
1145 1 1519 1 50 124 323
1146 64 1981 1 51 124 324
1155 9 1311 1 50 124 325
1156 1 1637 1 97 196 326
1156 41 1412 0 50 124 327
1157 19 1819 1 97 197 328
1162 5 1845 0 97 196 329
1162 33 1896 1 33 157 330
1163 5 1212 1 33 157 331
1163 26 1265 0 33 157 332
1168 32 1886 1 33 157 333
1173 1 1645 1 33 157 334
1173 148 1804 1 34 157 335
1177 91 1933 0 33 157 336
1179 9 1641 1 34 157 337
1188 55 1903 1 33 156 338
1189 61 1528 0 33 157 339
1192 30 1900 1 35 158 340
1192 68 1800 0 32 157 341
1194 170 1891 1 33 157 342
1197 195 1987 1 33 157 343
1202 51 1631 0 33 157 344
1208 53 1713 1 33 157 345
1219 7 1374 0 34 157 346
1223 6 1278 1 33 157 347
1230 4 1347 1 33 157 348
1232 9 1308 1 33 157 349
1234 42 1399 0 32 157 350
1238 35 1871 1 33 157 351
1238 55 1990 0 32 157 352
1240 3 1351 1 33 157 353
1243 21 1671 1 32 157 354
1246 17 1476 1 36 155 355
1257 36 1609 1 33 156 356
1262 2 1841 1 33 157 357
1263 1 1287 1 33 156 358
1263 21 1404 0 33 157 359
1280 23 1631 0 33 157 360
1280 35 1501 1 33 157 361
1284 7 1394 1 33 157 362
1294 6 1417 1 32 157 363
1301 1 1969 1 33 157 364
1309 4 1615 1 33 157 365
1315 21 1499 1 32 158 366
1317 5 1373 1 33 157 367
1322 38 1441 1 32 158 368
1322 99 1889 1 32 157 369
1325 11 1397 0 70 10 370
1326 10 1429 1 69 10 371
1328 66 1835 1 34 156 372
1335 1 1411 1 34 157 373
1337 133 1763 0 48 177 374
1340 1 1381 1 147 165 375
1342 1 1348 1 63 190 376
1347 1 1617 1 57 186 377
1351 2 1890 1 58 186 378
1375 16 1867 1 82 13 379
1388 11 1616 0 57 187 380
1396 25 1504 1 33 156 381
1400 74 1982 1 33 156 382
1402 7 1897 1 41 159 383
1402 8 1710 1 43 166 384
1411 1 1448 0 1 168 385
1413 18 1585 1 123 185 386
1428 15 1499 1 188 86 387
1431 1 1844 0 40 153 388
1434 23 1604 0 57 187 389
1434 49 1790 0 89 199 390
1434 88 1997 0 33 158 391
1446 99 1756 1 57 187 392
1454 30 1878 1 31 158 393
1455 9 1548 1 33 158 394
1457 20 1589 1 140 175 395
1461 47 1873 1 51 124 396
1464 7 1630 1 96 196 397
1466 15 1724 1 57 187 398
1467 1 1525 1 70 162 399
1474 19 1845 0 57 187 400
1474 131 1927 0 81 172 401
1478 43 1922 1 57 187 402
1494 4 1531 1 33 156 403
1494 19 1668 1 32 155 404
1505 3 1574 1 58 187 405
1509 125 1914 1 33 158 406
1514 10 1727 1 62 119 407
1514 19 1668 1 34 156 408
1515 2 1835 1 33 156 409
1515 3 1707 1 31 157 410
1515 31 1710 1 33 156 411
1517 2 1986 1 34 156 412
1520 1 1693 0 34 156 413
1523 1 1608 0 34 154 414
1526 12 1863 1 79 197 415
1527 45 1824 0 59 185 416
1530 13 1649 1 60 188 417
1547 12 1986 1 52 186 418
1549 6 1584 1 59 185 419
1560 13 1768 1 53 185 420
1579 1 1893 0 60 189 421
1579 27 1851 1 77 189 422
1584 26 1973 1 60 189 423
1591 68 1938 0 60 189 424
1606 5 1873 0 65 10 425
1607 26 1880 1 88 5 426
1614 43 1868 1 88 4 427
1615 13 1854 1 70 10 428
1616 20 1910 1 69 10 429
1617 8 1714 1 188 86 430
1617 13 1690 0 188 86 431
1618 3 1639 1 49 177 432
1618 59 1906 1 189 86 433
1623 1 1940 0 49 177 434
1627 1 1685 0 2 168 435
1628 2 1686 1 84 181 436
1631 28 1985 1 96 196 437
1631 72 1857 1 93 199 438
1642 1 1744 1 57 188 439
1644 3 1732 1 71 12 440
1654 58 1901 1 57 188 441
1660 18 1776 1 33 157 442
1665 20 1843 1 92 199 443
1666 1 1897 0 58 188 444
1666 18 1822 1 59 187 445
1667 23 1904 1 58 187 446
1672 14 1837 0 57 187 447
1672 18 1803 1 90 199 448
1675 11 1848 1 58 186 449
1690 42 1947 1 57 187 450
1697 2 1713 0 64 189 451
1697 10 1840 1 57 188 452
1698 4 1818 1 57 187 453
1709 21 1785 1 57 188 454
1712 17 1846 1 63 190 455
1717 12 1797 0 51 124 456
1717 28 1974 1 51 124 457
1728 2 1765 0 50 124 458
1728 27 1980 0 2 168 459
1732 6 1848 0 11 167 460
1733 5 1824 1 34 156 461
1734 3 1793 0 57 188 462
1737 8 1898 1 58 188 463
1739 2 1751 0 57 187 464
1739 11 1871 1 57 188 465
1748 11 1832 1 60 188 466
1748 16 1929 1 57 188 467
1759 4 1806 1 57 188 468
1763 5 1789 1 63 190 469
1768 13 1883 0 57 187 470
1779 4 1885 1 59 188 471
1781 8 1918 1 59 188 472
1782 1 1872 1 57 188 473
1809 1 1869 1 58 188 474
1809 15 1903 1 58 188 475
1824 13 1986 1 53 185 476
1832 3 1999 1 58 186 477
1832 6 1989 1 63 190 478
1838 12 1990 1 55 162 479
1842 3 1873 1 57 186 480
1843 4 1894 1 64 189 481
1846 8 1897 1 70 195 482
1855 3 1905 1 60 177 483
1856 1 1860 1 57 186 484
1858 26 1988 1 56 185 485
1863 17 1984 1 60 186 486
1867 13 1974 1 96 197 487
1868 36 1983 1 58 185 488
1869 7 1915 0 62 189 489
1870 3 1918 1 58 186 490
1871 4 1915 1 60 189 491
1872 4 1952 0 57 186 492
1873 1 1888 1 60 189 493
1882 1 1897 1 58 188 494
1882 1 1945 0 57 187 495
1884 2 1923 0 63 190 496
1894 3 1980 0 57 187 497
1895 1 1909 0 62 189 498
1895 1 1920 0 58 186 499
1899 12 1964 0 33 158 500
