100
0.0 0.95 1.0
0.0 0.95 0.0
0.0 0.95 0.0
0.0 0.95 0.0
0.0 0.95 0.0
0.0 0.95 1.0
0.0 0.95 0.0
0.0 0.95 0.0
0.0 0.95 0.0
0.0 0.95 0.0
0.0 0.95 0.0
0.0 0.95 0.0
0.0 0.95 1.0
0.0 0.95 0.0
0.0 0.95 0.0
0.0 0.95 0.0
0.0 0.95 0.0
0.0 0.95 0.0
0.0 0.95 1.0
0.0 0.95 1.0
0.0 0.95 1.0
0.0 0.95 0.0
0.0 0.95 1.0
0.0 0.95 1.0
0.0 0.95 0.0
0.0 0.95 0.0
34.0 0.22558528428093647 1.0
75.0 0.01588628762541806 1.0
134.0 0.05719063545150502 1.0
165.0 0.05083612040133779 1.0
269.0 0.11755852842809364 1.0
306.0 0.009531772575250836 0.0
382.0 0.03812709030100334 0.0
390.0 0.03177257525083612 1.0
425.0 0.2414715719063545 1.0
440.0 0.09849498327759197 1.0
450.0 0.8737458193979933 0.0
454.0 0.1080267558528428 1.0
466.0 0.39080267558528425 1.0
528.0 0.09849498327759197 1.0
532.0 0.3145484949832776 1.0
537.0 0.0031772575250836117 1.0
544.0 0.0 1.0
548.0 0.482943143812709 0.0
558.0 0.11438127090301003 0.0
591.0 0.041304347826086954 1.0
594.0 0.06036789297658862 1.0
602.0 0.05719063545150502 0.0
623.0 0.0063545150501672235 1.0
631.0 0.95 0.0
641.0 0.17157190635451502 0.0
667.0 0.5242474916387959 1.0
684.0 0.1048494983277592 1.0
727.0 0.95 1.0
760.0 0.04765886287625418 1.0
769.0 0.04765886287625418 1.0
769.0 0.04765886287625418 1.0
771.0 0.12073578595317724 1.0
779.0 0.04765886287625418 1.0
781.0 0.041304347826086954 0.0
877.0 0.14933110367892977 1.0
921.0 0.13979933110367893 1.0
926.0 0.14297658862876256 1.0
954.0 0.07307692307692308 1.0
962.0 0.2732441471571906 0.0
989.0 0.03812709030100334 1.0
1009.0 0.09849498327759197 0.0
1016.0 0.11120401337792642 1.0
1045.0 0.3622073578595318 1.0
1057.0 0.3622073578595318 1.0
1134.0 0.1080267558528428 0.0
1174.0 0.009531772575250836 1.0
1190.0 0.31137123745819395 0.0
1208.0 0.02859531772575251 1.0
1230.0 0.95 0.0
1256.0 0.14297658862876256 1.0
1269.0 0.09214046822742475 0.0
1303.0 0.10167224080267558 1.0
1313.0 0.09849498327759197 1.0
1322.0 0.5719063545150502 1.0
1339.0 0.08578595317725751 1.0
1404.0 0.47658862876254177 1.0
1427.0 0.15250836120401337 1.0
1504.0 0.11755852842809364 1.0
1601.0 0.0063545150501672235 1.0
1603.0 0.1811036789297659 1.0
1627.0 0.95 0.0
1648.0 0.25735785953177254 1.0
1653.0 0.12073578595317724 1.0
1657.0 0.8769230769230769 1.0
1667.0 0.012709030100334447 1.0
1776.0 0.06989966555183946 1.0
1789.0 0.13026755852842808 0.0
1797.0 0.1811036789297659 1.0
1818.0 0.212876254180602 0.0
1826.0 0.044481605351170565 1.0
1833.0 0.03812709030100334 1.0
1860.0 0.0031772575250836117 0.0
1872.0 0.03812709030100334 1.0
1898.0 0.08896321070234113 0.0
