1000
0.0 0.95 0.0
0.0 0.95 0.0
0.0 0.95 0.0
0.0 0.95 1.0
0.0 0.95 0.0
0.0 0.95 0.0
0.0 0.95 1.0
0.0 0.95 1.0
0.0 0.95 0.0
0.0 0.95 0.0
0.0 0.95 0.0
0.0 0.95 0.0
0.0 0.95 0.0
0.0 0.95 0.0
0.0 0.9182274247491639 1.0
0.0 0.95 0.0
0.0 0.95 0.0
0.0 0.95 1.0
0.0 0.95 0.0
0.0 0.95 0.0
0.0 0.95 1.0
0.0 0.95 0.0
0.0 0.95 0.0
0.0 0.95 0.0
0.0 0.95 0.0
0.0 0.95 1.0
0.0 0.95 0.0
0.0 0.95 0.0
0.0 0.95 0.0
0.0 0.95 0.0
0.0 0.95 1.0
0.0 0.95 1.0
0.0 0.95 1.0
0.0 0.95 1.0
0.0 0.95 0.0
0.0 0.95 1.0
0.0 0.95 0.0
0.0 0.95 0.0
0.0 0.95 0.0
0.0 0.95 0.0
0.0 0.95 0.0
0.0 0.95 0.0
0.0 0.7752508361204014 1.0
0.0 0.95 0.0
0.0 0.95 0.0
0.0 0.95 1.0
0.0 0.95 0.0
0.0 0.95 0.0
0.0 0.95 0.0
0.0 0.95 0.0
0.0 0.95 0.0
0.0 0.95 1.0
0.0 0.95 0.0
0.0 0.95 1.0
0.0 0.95 0.0
0.0 0.95 0.0
0.0 0.95 0.0
0.0 0.95 0.0
0.0 0.7466555183946488 0.0
0.0 0.95 0.0
0.0 0.95 1.0
0.0 0.95 0.0
0.0 0.95 0.0
0.0 0.95 0.0
0.0 0.95 0.0
0.0 0.95 0.0
0.0 0.95 0.0
0.0 0.95 1.0
0.0 0.95 0.0
0.0 0.95 0.0
0.0 0.95 0.0
0.0 0.95 1.0
0.0 0.95 0.0
0.0 0.95 0.0
0.0 0.95 0.0
0.0 0.95 0.0
0.0 0.95 0.0
0.0 0.95 1.0
0.0 0.95 0.0
0.0 0.95 0.0
0.0 0.95 1.0
0.0 0.95 0.0
0.0 0.95 0.0
0.0 0.95 1.0
0.0 0.95 1.0
0.0 0.95 1.0
0.0 0.95 0.0
0.0 0.95 0.0
0.0 0.95 1.0
0.0 0.95 0.0
0.0 0.95 0.0
0.0 0.95 0.0
0.0 0.95 0.0
0.0 0.95 0.0
0.0 0.95 0.0
0.0 0.95 0.0
0.0 0.95 0.0
0.0 0.95 1.0
0.0 0.95 1.0
0.0 0.95 1.0
0.0 0.95 0.0
0.0 0.95 0.0
0.0 0.95 0.0
0.0 0.95 0.0
0.0 0.95 0.0
0.0 0.95 0.0
0.0 0.95 0.0
0.0 0.95 1.0
0.0 0.95 0.0
0.0 0.95 1.0
0.0 0.95 1.0
0.0 0.95 0.0
0.0 0.95 1.0
0.0 0.95 1.0
0.0 0.95 0.0
0.0 0.95 0.0
0.0 0.95 1.0
0.0 0.95 0.0
0.0 0.95 0.0
0.0 0.95 1.0
0.0 0.95 1.0
0.0 0.95 0.0
0.0 0.95 0.0
0.0 0.95 0.0
0.0 0.95 1.0
0.0 0.95 0.0
0.0 0.95 1.0
0.0 0.95 0.0
0.0 0.95 1.0
0.0 0.95 0.0
0.0 0.95 1.0
0.0 0.95 1.0
0.0 0.95 0.0
0.0 0.95 1.0
0.0 0.95 1.0
0.0 0.95 0.0
0.0 0.95 0.0
0.0 0.95 0.0
0.0 0.95 0.0
0.0 0.95 0.0
0.0 0.95 0.0
0.0 0.95 0.0
0.0 0.95 0.0
0.0 0.95 0.0
0.0 0.95 0.0
0.0 0.95 0.0
0.0 0.95 0.0
0.0 0.95 0.0
0.0 0.95 0.0
0.0 0.95 0.0
0.0 0.95 0.0
0.0 0.95 0.0
0.0 0.95 0.0
0.0 0.95 1.0
0.0 0.95 0.0
0.0 0.95 0.0
0.0 0.95 0.0
0.0 0.95 0.0
0.0 0.95 1.0
0.0 0.95 0.0
0.0 0.95 0.0
0.0 0.95 0.0
0.0 0.95 1.0
0.0 0.95 0.0
0.0 0.95 0.0
0.0 0.95 0.0
0.0 0.95 0.0
0.0 0.25100334448160533 0.0
0.0 0.95 0.0
0.0 0.95 0.0
0.0 0.95 1.0
0.0 0.95 1.0
0.0 0.95 1.0
0.0 0.95 0.0
0.0 0.95 0.0
0.0 0.95 0.0
0.0 0.95 1.0
0.0 0.95 0.0
0.0 0.95 0.0
0.0 0.95 0.0
0.0 0.95 1.0
0.0 0.6735785953177257 0.0
0.0 0.0031772575250836117 0.0
0.0 0.95 1.0
0.0 0.95 0.0
0.0 0.95 0.0
0.0 0.95 0.0
0.0 0.95 0.0
0.0 0.95 0.0
0.0 0.95 0.0
0.0 0.95 0.0
0.0 0.95 1.0
0.0 0.95 1.0
0.0 0.95 1.0
0.0 0.95 0.0
0.0 0.95 0.0
0.0 0.95 0.0
0.0 0.95 0.0
0.0 0.95 0.0
0.0 0.95 1.0
0.0 0.95 1.0
0.0 0.95 1.0
0.0 0.95 1.0
0.0 0.95 0.0
0.0 0.95 0.0
0.0 0.95 1.0
0.0 0.95 0.0
0.0 0.95 0.0
0.0 0.19698996655518394 0.0
0.0 0.95 1.0
0.0 0.95 0.0
0.0 0.95 0.0
0.0 0.95 0.0
0.0 0.95 1.0
0.0 0.95 0.0
0.0 0.95 0.0
0.0 0.95 0.0
0.0 0.95 1.0
0.0 0.95 0.0
0.0 0.95 0.0
0.0 0.95 1.0
0.0 0.95 1.0
0.0 0.95 0.0
0.0 0.95 0.0
0.0 0.95 0.0
0.0 0.95 1.0
0.0 0.95 1.0
0.0 0.95 1.0
0.0 0.95 0.0
0.0 0.95 0.0
0.0 0.95 0.0
0.0 0.95 0.0
0.0 0.95 0.0
0.0 0.95 0.0
0.0 0.95 0.0
0.0 0.95 1.0
0.0 0.95 1.0
0.0 0.95 1.0
0.0 0.95 1.0
0.0 0.95 1.0
0.0 0.95 0.0
0.0 0.95 0.0
24.0 0.581438127090301 1.0
29.0 0.0794314381270903 1.0
30.0 0.711705685618729 1.0
31.0 0.025418060200668894 1.0
36.0 0.35903010033444815 0.0
36.0 0.3876254180602007 0.0
39.0 0.0031772575250836117 0.0
40.0 0.0 0.0
45.0 0.1874581939799331 1.0
46.0 0.3717391304347826 1.0
47.0 0.05083612040133779 1.0
47.0 0.3494983277591973 0.0
49.0 0.08896321070234113 1.0
53.0 0.09531772575250835 1.0
53.0 0.022240802675585283 1.0
54.0 0.0540133779264214 1.0
61.0 0.08578595317725751 1.0
61.0 0.11755852842809364 1.0
62.0 0.022240802675585283 1.0
69.0 0.11755852842809364 1.0
70.0 0.03494983277591973 1.0
72.0 0.23193979933110367 1.0
72.0 0.009531772575250836 1.0
75.0 0.1588628762541806 1.0
82.0 0.24782608695652172 1.0
82.0 0.38444816053511705 1.0
83.0 0.03177257525083612 1.0
83.0 0.737123745819398 1.0
88.0 0.0 0.0
91.0 0.009531772575250836 1.0
92.0 0.24782608695652172 0.0
94.0 0.27959866220735785 1.0
95.0 0.01906354515050167 1.0
100.0 0.07307692307692308 0.0
102.0 0.009531772575250836 1.0
111.0 0.08260869565217391 1.0
116.0 0.12391304347826086 0.0
116.0 0.1048494983277592 1.0
123.0 0.02859531772575251 1.0
127.0 0.4321070234113712 1.0
127.0 0.482943143812709 0.0
129.0 0.3081939799331104 0.0
138.0 0.06672240802675584 1.0
142.0 0.0 1.0
142.0 0.02859531772575251 1.0
143.0 0.08896321070234113 1.0
143.0 0.009531772575250836 1.0
145.0 0.06989966555183946 1.0
154.0 0.02859531772575251 1.0
157.0 0.044481605351170565 1.0
165.0 0.05083612040133779 1.0
166.0 0.7053511705685618 1.0
168.0 0.35903010033444815 0.0
168.0 0.2414715719063545 1.0
168.0 0.11755852842809364 1.0
171.0 0.0 0.0
176.0 0.01588628762541806 1.0
184.0 0.03812709030100334 1.0
189.0 0.33678929765886284 1.0
192.0 0.044481605351170565 1.0
192.0 0.041304347826086954 1.0
194.0 0.0063545150501672235 0.0
196.0 0.03494983277591973 1.0
201.0 0.17792642140468226 0.0
202.0 0.19381270903010034 1.0
205.0 0.9023411371237459 1.0
205.0 0.05083612040133779 1.0
206.0 0.6418060200668896 1.0
208.0 0.5433110367892976 1.0
208.0 0.044481605351170565 1.0
208.0 0.20016722408026755 1.0
210.0 0.1588628762541806 1.0
211.0 0.16521739130434782 0.0
212.0 0.044481605351170565 1.0
212.0 0.95 0.0
215.0 0.826086956521739 0.0
216.0 0.26053511705685617 1.0
216.0 0.01588628762541806 1.0
218.0 0.01588628762541806 1.0
219.0 0.09849498327759197 0.0
222.0 0.05083612040133779 1.0
223.0 0.13026755852842808 1.0
225.0 0.8864548494983278 1.0
229.0 0.1620401337792642 1.0
234.0 0.022240802675585283 1.0
236.0 0.4130434782608695 0.0
243.0 0.17474916387959866 1.0
243.0 0.041304347826086954 1.0
249.0 0.08896321070234113 0.0
249.0 0.08578595317725751 0.0
250.0 0.03177257525083612 1.0
256.0 0.03177257525083612 1.0
260.0 0.06989966555183946 1.0
263.0 0.15568561872909698 0.0
267.0 0.7625418060200668 0.0
268.0 0.679933110367893 1.0
279.0 0.044481605351170565 0.0
283.0 0.95 1.0
283.0 0.0031772575250836117 0.0
287.0 0.2668896321070234 1.0
291.0 0.44481605351170567 0.0
291.0 0.39080267558528425 0.0
293.0 0.0 1.0
297.0 0.12391304347826086 0.0
301.0 0.95 1.0
305.0 0.11755852842809364 0.0
307.0 0.25735785953177254 1.0
308.0 0.09849498327759197 1.0
311.0 0.25735785953177254 0.0
316.0 0.0540133779264214 1.0
316.0 0.1620401337792642 0.0
317.0 0.6640468227424748 0.0
320.0 0.95 0.0
330.0 0.012709030100334447 1.0
338.0 0.03494983277591973 1.0
341.0 0.06036789297658862 0.0
342.0 0.009531772575250836 1.0
343.0 0.0063545150501672235 1.0
344.0 0.012709030100334447 1.0
346.0 0.08896321070234113 1.0
348.0 0.02859531772575251 1.0
349.0 0.19698996655518394 0.0
351.0 0.30183946488294316 1.0
359.0 0.11755852842809364 1.0
360.0 0.01906354515050167 1.0
362.0 0.0 1.0
366.0 0.041304347826086954 0.0
369.0 0.8324414715719063 0.0
370.0 0.12391304347826086 1.0
372.0 0.12073578595317724 1.0
372.0 0.1366220735785953 1.0
373.0 0.1080267558528428 0.0
376.0 0.06672240802675584 0.0
376.0 0.6989966555183946 0.0
377.0 0.06989966555183946 0.0
384.0 0.06989966555183946 1.0
385.0 0.0031772575250836117 1.0
387.0 0.03812709030100334 0.0
387.0 0.11438127090301003 1.0
391.0 0.07307692307692308 1.0
394.0 0.0 0.0
398.0 0.5591973244147157 1.0
399.0 0.1588628762541806 1.0
400.0 0.05083612040133779 1.0
406.0 0.95 0.0
407.0 0.1048494983277592 0.0
409.0 0.25735785953177254 0.0
414.0 0.0063545150501672235 1.0
414.0 0.09531772575250835 1.0
416.0 0.041304347826086954 1.0
416.0 0.041304347826086954 1.0
419.0 0.33678929765886284 1.0
419.0 0.6005016722408026 0.0
426.0 0.3081939799331104 1.0
429.0 0.012709030100334447 1.0
430.0 0.0540133779264214 1.0
433.0 0.025418060200668894 1.0
434.0 0.33043478260869563 1.0
437.0 0.04765886287625418 1.0
440.0 0.09849498327759197 0.0
441.0 0.08896321070234113 1.0
445.0 0.3494983277591973 1.0
446.0 0.11120401337792642 1.0
448.0 0.009531772575250836 1.0
451.0 0.06036789297658862 1.0
452.0 0.327257525083612 0.0
452.0 0.04765886287625418 1.0
457.0 0.2732441471571906 1.0
460.0 0.009531772575250836 1.0
461.0 0.03177257525083612 1.0
464.0 0.11120401337792642 1.0
470.0 0.9150501672240803 1.0
472.0 0.95 1.0
472.0 0.95 0.0
473.0 0.022240802675585283 1.0
474.0 0.0 1.0
478.0 0.0031772575250836117 1.0
480.0 0.20016722408026755 0.0
482.0 0.12391304347826086 1.0
484.0 0.01906354515050167 1.0
486.0 0.044481605351170565 1.0
492.0 0.01906354515050167 1.0
493.0 0.13979933110367893 1.0
494.0 0.14615384615384616 1.0
497.0 0.1620401337792642 1.0
502.0 0.09849498327759197 0.0
512.0 0.03177257525083612 1.0
514.0 0.2414715719063545 1.0
519.0 0.09531772575250835 1.0
520.0 0.06989966555183946 1.0
520.0 0.01588628762541806 1.0
527.0 0.27959866220735785 1.0
527.0 0.44481605351170567 0.0
530.0 0.12391304347826086 1.0
533.0 0.7530100334448161 1.0
535.0 0.1334448160535117 1.0
536.0 0.2668896321070234 0.0
537.0 0.044481605351170565 1.0
537.0 0.044481605351170565 1.0
537.0 0.041304347826086954 0.0
542.0 0.31137123745819395 1.0
542.0 0.012709030100334447 1.0
543.0 0.03177257525083612 1.0
543.0 0.13026755852842808 1.0
545.0 0.14297658862876256 1.0
546.0 0.1048494983277592 0.0
549.0 0.6576923076923077 1.0
550.0 0.025418060200668894 1.0
551.0 0.06036789297658862 0.0
551.0 0.009531772575250836 0.0
552.0 0.0 0.0
553.0 0.025418060200668894 1.0
559.0 0.12073578595317724 1.0
561.0 0.04765886287625418 0.0
562.0 0.25735785953177254 0.0
565.0 0.01906354515050167 1.0
567.0 0.11120401337792642 0.0
567.0 0.0 0.0
571.0 0.08578595317725751 1.0
573.0 0.8832775919732442 0.0
574.0 0.08578595317725751 1.0
581.0 0.95 1.0
581.0 0.1080267558528428 1.0
582.0 0.01588628762541806 1.0
585.0 0.1842809364548495 1.0
591.0 0.15568561872909698 1.0
591.0 0.29866220735785953 1.0
591.0 0.1334448160535117 1.0
591.0 0.041304347826086954 1.0
594.0 0.0 1.0
595.0 0.041304347826086954 1.0
600.0 0.26053511705685617 1.0
601.0 0.08896321070234113 1.0
603.0 0.03177257525083612 0.0
611.0 0.041304347826086954 1.0
617.0 0.0 0.0
619.0 0.0 1.0
620.0 0.95 0.0
621.0 0.05083612040133779 0.0
627.0 0.11438127090301003 0.0
631.0 0.95 1.0
632.0 0.1588628762541806 1.0
635.0 0.15250836120401337 1.0
637.0 0.6418060200668896 1.0
639.0 0.06354515050167224 0.0
639.0 0.041304347826086954 1.0
639.0 0.22558528428093647 1.0
640.0 0.3812709030100334 1.0
641.0 0.2923076923076923 1.0
641.0 0.03812709030100334 0.0
641.0 0.2923076923076923 1.0
644.0 0.009531772575250836 1.0
648.0 0.3876254180602007 1.0
649.0 0.09214046822742475 0.0
649.0 0.044481605351170565 1.0
651.0 0.27959866220735785 0.0
655.0 0.0 0.0
657.0 0.044481605351170565 1.0
659.0 0.09214046822742475 1.0
662.0 0.0 1.0
664.0 0.07307692307692308 1.0
664.0 0.044481605351170565 1.0
665.0 0.03494983277591973 1.0
665.0 0.04765886287625418 1.0
667.0 0.1811036789297659 0.0
668.0 0.6068561872909699 1.0
670.0 0.041304347826086954 1.0
670.0 0.03812709030100334 1.0
670.0 0.08896321070234113 0.0
674.0 0.08260869565217391 1.0
675.0 0.0 1.0
675.0 0.1048494983277592 1.0
676.0 0.08896321070234113 1.0
677.0 0.711705685618729 1.0
679.0 0.044481605351170565 1.0
684.0 0.08896321070234113 1.0
689.0 0.11755852842809364 1.0
692.0 0.13979933110367893 1.0
693.0 0.041304347826086954 1.0
697.0 0.15568561872909698 0.0
697.0 0.2414715719063545 0.0
699.0 0.6163879598662207 1.0
700.0 0.4035117056856187 1.0
702.0 0.3145484949832776 1.0
703.0 0.16839464882943142 1.0
704.0 0.04765886287625418 0.0
705.0 0.03812709030100334 1.0
706.0 0.0063545150501672235 1.0
706.0 0.03812709030100334 1.0
709.0 0.12709030100334448 1.0
712.0 0.044481605351170565 0.0
712.0 0.05083612040133779 0.0
715.0 0.0540133779264214 0.0
716.0 0.044481605351170565 0.0
719.0 0.04765886287625418 1.0
719.0 0.4797658862876254 0.0
719.0 0.5877926421404682 1.0
720.0 0.27959866220735785 1.0
720.0 0.11120401337792642 1.0
726.0 0.0063545150501672235 0.0
726.0 0.25735785953177254 0.0
727.0 0.425752508361204 1.0
728.0 0.95 1.0
729.0 0.022240802675585283 1.0
730.0 0.1811036789297659 1.0
732.0 0.3717391304347826 1.0
734.0 0.11120401337792642 1.0
737.0 0.09214046822742475 1.0
741.0 0.95 0.0
741.0 0.22558528428093647 1.0
742.0 0.95 0.0
743.0 0.26053511705685617 1.0
744.0 0.06354515050167224 1.0
745.0 0.06354515050167224 1.0
745.0 0.03812709030100334 1.0
747.0 0.05083612040133779 1.0
747.0 0.95 0.0
749.0 0.12391304347826086 1.0
753.0 0.044481605351170565 1.0
754.0 0.10167224080267558 1.0
758.0 0.14615384615384616 1.0
760.0 0.041304347826086954 1.0
760.0 0.2827759197324415 1.0
761.0 0.2954849498327759 1.0
762.0 0.05083612040133779 1.0
765.0 0.13979933110367893 0.0
766.0 0.01588628762541806 1.0
766.0 0.02859531772575251 1.0
769.0 0.12073578595317724 1.0
769.0 0.07625418060200669 1.0
770.0 0.06989966555183946 1.0
771.0 0.12073578595317724 1.0
773.0 0.95 0.0
773.0 0.95 0.0
773.0 0.95 0.0
784.0 0.0794314381270903 0.0
787.0 0.05083612040133779 1.0
788.0 0.0031772575250836117 0.0
789.0 0.05083612040133779 0.0
790.0 0.2668896321070234 1.0
792.0 0.5178929765886288 1.0
793.0 0.0031772575250836117 0.0
793.0 0.05719063545150502 1.0
796.0 0.05083612040133779 1.0
797.0 0.6195652173913043 1.0
798.0 0.05083612040133779 1.0
800.0 0.11755852842809364 1.0
802.0 0.06989966555183946 1.0
803.0 0.41622073578595314 0.0
805.0 0.1906354515050167 0.0
805.0 0.2891304347826087 1.0
809.0 0.03177257525083612 1.0
809.0 0.041304347826086954 1.0
811.0 0.041304347826086954 1.0
812.0 0.30183946488294316 1.0
812.0 0.5337792642140468 1.0
814.0 0.95 0.0
817.0 0.95 0.0
819.0 0.95 1.0
819.0 0.041304347826086954 0.0
821.0 0.06672240802675584 1.0
826.0 0.08896321070234113 0.0
831.0 0.08578595317725751 1.0
838.0 0.0 1.0
840.0 0.02859531772575251 1.0
842.0 0.04765886287625418 1.0
844.0 0.04765886287625418 1.0
844.0 0.4321070234113712 1.0
844.0 0.4607023411371237 1.0
845.0 0.3399665551839465 1.0
854.0 0.95 0.0
859.0 0.025418060200668894 1.0
859.0 0.01906354515050167 1.0
865.0 0.03812709030100334 1.0
875.0 0.05083612040133779 1.0
876.0 0.03494983277591973 1.0
877.0 0.17474916387959866 1.0
881.0 0.14933110367892977 1.0
881.0 0.7847826086956522 1.0
882.0 0.4130434782608695 0.0
885.0 0.4734113712374582 1.0
886.0 0.565551839464883 0.0
888.0 0.12391304347826086 1.0
889.0 0.09849498327759197 1.0
889.0 0.08260869565217391 1.0
891.0 0.12391304347826086 1.0
891.0 0.95 0.0
899.0 0.07307692307692308 1.0
903.0 0.11120401337792642 1.0
903.0 0.4352842809364548 1.0
904.0 0.15568561872909698 1.0
909.0 0.10167224080267558 1.0
911.0 0.12391304347826086 1.0
912.0 0.5591973244147157 1.0
912.0 0.12709030100334448 1.0
916.0 0.11438127090301003 1.0
918.0 0.05083612040133779 1.0
918.0 0.0031772575250836117 1.0
923.0 0.95 0.0
923.0 0.11438127090301003 1.0
924.0 0.0031772575250836117 1.0
927.0 0.29866220735785953 1.0
934.0 0.3812709030100334 1.0
935.0 0.0031772575250836117 0.0
941.0 0.0031772575250836117 0.0
942.0 0.06672240802675584 0.0
942.0 0.8419732441471571 1.0
946.0 0.27959866220735785 0.0
950.0 0.08578595317725751 0.0
953.0 0.46387959866220735 1.0
954.0 0.07307692307692308 1.0
954.0 0.1874581939799331 1.0
962.0 0.02859531772575251 1.0
966.0 0.425752508361204 1.0
967.0 0.3876254180602007 0.0
967.0 0.044481605351170565 1.0
969.0 0.1080267558528428 1.0
984.0 0.044481605351170565 1.0
984.0 0.044481605351170565 1.0
985.0 0.1366220735785953 0.0
986.0 0.1874581939799331 1.0
989.0 0.03812709030100334 1.0
998.0 0.19381270903010034 0.0
1011.0 0.1048494983277592 1.0
1018.0 0.42892976588628756 0.0
1019.0 0.01906354515050167 1.0
1021.0 0.1048494983277592 1.0
1022.0 0.02859531772575251 1.0
1034.0 0.11755852842809364 1.0
1035.0 0.022240802675585283 1.0
1039.0 0.270066889632107 1.0
1045.0 0.02859531772575251 1.0
1046.0 0.022240802675585283 1.0
1046.0 0.0 1.0
1048.0 0.06036789297658862 1.0
1048.0 0.03812709030100334 1.0
1049.0 0.08896321070234113 1.0
1062.0 0.07625418060200669 0.0
1065.0 0.7847826086956522 1.0
1065.0 0.08896321070234113 1.0
1076.0 0.37809364548494984 0.0
1078.0 0.95 0.0
1085.0 0.03177257525083612 1.0
1092.0 0.95 1.0
1093.0 0.11755852842809364 1.0
1093.0 0.1080267558528428 1.0
1097.0 0.01906354515050167 1.0
1097.0 0.27959866220735785 1.0
1102.0 0.1906354515050167 1.0
1106.0 0.1334448160535117 0.0
1106.0 0.0031772575250836117 1.0
1110.0 0.95 1.0
1113.0 0.0 0.0
1115.0 0.15250836120401337 0.0
1115.0 0.4003344481605351 0.0
1118.0 0.95 1.0
1119.0 0.95 0.0
1120.0 0.12709030100334448 1.0
1126.0 0.025418060200668894 1.0
1134.0 0.10167224080267558 1.0
1136.0 0.0031772575250836117 1.0
1139.0 0.581438127090301 1.0
1151.0 0.12391304347826086 1.0
1151.0 0.06672240802675584 1.0
1152.0 0.3749163879598662 1.0
1153.0 0.1048494983277592 1.0
1154.0 0.95 1.0
1162.0 0.044481605351170565 1.0
1162.0 0.09214046822742475 1.0
1163.0 0.01588628762541806 0.0
1164.0 0.0031772575250836117 1.0
1168.0 0.044481605351170565 1.0
1172.0 0.12709030100334448 1.0
1173.0 0.0 1.0
1178.0 0.044481605351170565 0.0
1181.0 0.2827759197324415 1.0
1182.0 0.041304347826086954 1.0
1192.0 0.1080267558528428 1.0
1193.0 0.27959866220735785 1.0
1194.0 0.23511705685618728 1.0
1212.0 0.009531772575250836 1.0
1214.0 0.04765886287625418 0.0
1218.0 0.3558528428093645 1.0
1222.0 0.1080267558528428 1.0
1234.0 0.95 1.0
1237.0 0.6036789297658863 1.0
1240.0 0.6576923076923077 1.0
1243.0 0.212876254180602 1.0
1243.0 0.0 1.0
1249.0 0.022240802675585283 1.0
1251.0 0.01906354515050167 1.0
1258.0 0.0031772575250836117 1.0
1259.0 0.06672240802675584 1.0
1259.0 0.06989966555183946 0.0
1260.0 0.044481605351170565 0.0
1261.0 0.06989966555183946 1.0
1263.0 0.14615384615384616 0.0
1264.0 0.09531772575250835 0.0
1265.0 0.03177257525083612 0.0
1265.0 0.06989966555183946 1.0
1268.0 0.044481605351170565 1.0
1268.0 0.0031772575250836117 1.0
1270.0 0.09531772575250835 1.0
1271.0 0.07307692307692308 1.0
1271.0 0.95 1.0
1274.0 0.425752508361204 0.0
1279.0 0.1080267558528428 1.0
1279.0 0.009531772575250836 1.0
1285.0 0.0031772575250836117 1.0
1286.0 0.1080267558528428 1.0
1286.0 0.11438127090301003 1.0
1290.0 0.4861204013377926 1.0
1290.0 0.0031772575250836117 1.0
1294.0 0.15568561872909698 1.0
1295.0 0.10167224080267558 1.0
1295.0 0.0031772575250836117 1.0
1298.0 0.95 1.0
1298.0 0.05719063545150502 1.0
1300.0 0.95 0.0
1303.0 0.03812709030100334 1.0
1304.0 0.3399665551839465 1.0
1305.0 0.15568561872909698 1.0
1305.0 0.08578595317725751 1.0
1305.0 0.0 0.0
1305.0 0.08578595317725751 1.0
1310.0 0.8483277591973243 0.0
1310.0 0.025418060200668894 1.0
1311.0 0.09214046822742475 1.0
1311.0 0.03494983277591973 1.0
1319.0 0.009531772575250836 0.0
1320.0 0.7466555183946488 1.0
1322.0 0.3240802675585284 1.0
1327.0 0.2764214046822742 1.0
1329.0 0.044481605351170565 1.0
1332.0 0.3876254180602007 0.0
1335.0 0.0031772575250836117 1.0
1335.0 0.4607023411371237 1.0
1339.0 0.09531772575250835 0.0
1339.0 0.06672240802675584 1.0
1340.0 0.009531772575250836 1.0
1344.0 0.3558528428093645 1.0
1348.0 0.14615384615384616 1.0
1349.0 0.06354515050167224 1.0
1352.0 0.03177257525083612 1.0
1359.0 0.13979933110367893 1.0
1361.0 0.12391304347826086 1.0
1385.0 0.09214046822742475 1.0
1388.0 0.07625418060200669 1.0
1388.0 0.044481605351170565 0.0
1392.0 0.041304347826086954 1.0
1395.0 0.6005016722408026 1.0
1395.0 0.01588628762541806 0.0
1401.0 0.26053511705685617 0.0
1402.0 0.06672240802675584 1.0
1404.0 0.6418060200668896 1.0
1407.0 0.0031772575250836117 0.0
1408.0 0.95 0.0
1408.0 0.0 0.0
1409.0 0.06989966555183946 1.0
1410.0 0.041304347826086954 1.0
1417.0 0.23511705685618728 1.0
1424.0 0.0 1.0
1425.0 0.26371237458193975 0.0
1428.0 0.2160535117056856 1.0
1437.0 0.20016722408026755 1.0
1440.0 0.11120401337792642 0.0
1446.0 0.40986622073578594 1.0
1447.0 0.2827759197324415 1.0
1451.0 0.09214046822742475 1.0
1451.0 0.12073578595317724 0.0
1455.0 0.3494983277591973 1.0
1455.0 0.09849498327759197 1.0
1463.0 0.0 1.0
1464.0 0.11120401337792642 1.0
1466.0 0.2954849498327759 1.0
1467.0 0.0031772575250836117 1.0
1472.0 0.08260869565217391 1.0
1474.0 0.06672240802675584 1.0
1476.0 0.95 1.0
1477.0 0.11438127090301003 1.0
1478.0 0.13026755852842808 1.0
1478.0 0.1842809364548495 1.0
1482.0 0.05083612040133779 1.0
1484.0 0.13979933110367893 1.0
1490.0 0.95 1.0
1491.0 0.24464882943143812 1.0
1494.0 0.3399665551839465 0.0
1496.0 0.22558528428093647 1.0
1496.0 0.5210702341137123 1.0
1503.0 0.01588628762541806 1.0
1503.0 0.0063545150501672235 1.0
1506.0 0.06672240802675584 0.0
1508.0 0.95 1.0
1508.0 0.0031772575250836117 0.0
1508.0 0.01906354515050167 1.0
1508.0 0.5687290969899665 1.0
1510.0 0.041304347826086954 1.0
1511.0 0.0540133779264214 1.0
1513.0 0.09849498327759197 1.0
1513.0 0.06989966555183946 1.0
1521.0 0.09849498327759197 1.0
1522.0 0.15568561872909698 1.0
1527.0 0.10167224080267558 1.0
1528.0 0.044481605351170565 1.0
1529.0 0.5147157190635451 1.0
1530.0 0.12709030100334448 1.0
1532.0 0.2160535117056856 1.0
1535.0 0.25735785953177254 1.0
1537.0 0.01906354515050167 0.0
1544.0 0.0 1.0
1549.0 0.16521739130434782 1.0
1556.0 0.041304347826086954 1.0
1557.0 0.02859531772575251 1.0
1561.0 0.0 0.0
1561.0 0.04765886287625418 1.0
1561.0 0.0031772575250836117 1.0
1563.0 0.03812709030100334 1.0
1566.0 0.11438127090301003 1.0
1568.0 0.4066889632107023 1.0
1568.0 0.679933110367893 1.0
1577.0 0.14297658862876256 1.0
1577.0 0.03494983277591973 1.0
1580.0 0.009531772575250836 1.0
1589.0 0.15568561872909698 0.0
1591.0 0.0 0.0
1597.0 0.14615384615384616 0.0
1599.0 0.36538461538461536 1.0
1600.0 0.08260869565217391 1.0
1600.0 0.08896321070234113 1.0
1605.0 0.12391304347826086 1.0
1611.0 0.20652173913043476 0.0
1613.0 0.0 1.0
1614.0 0.1874581939799331 1.0
1615.0 0.95 0.0
1618.0 0.1811036789297659 1.0
1618.0 0.041304347826086954 1.0
1620.0 0.01588628762541806 1.0
1622.0 0.03494983277591973 1.0
1624.0 0.95 0.0
1625.0 0.09531772575250835 1.0
1626.0 0.05719063545150502 1.0
1627.0 0.95 1.0
1627.0 0.0794314381270903 0.0
1628.0 0.11755852842809364 1.0
1634.0 0.1906354515050167 1.0
1638.0 0.95 0.0
1648.0 0.1366220735785953 1.0
1653.0 0.13026755852842808 1.0
1658.0 0.851505016722408 1.0
1664.0 0.2764214046822742 1.0
1665.0 0.11120401337792642 1.0
1666.0 0.0 0.0
1670.0 0.1366220735785953 1.0
1671.0 0.10167224080267558 1.0
1671.0 0.1048494983277592 0.0
1672.0 0.1366220735785953 1.0
1674.0 0.09531772575250835 1.0
1676.0 0.0031772575250836117 0.0
1676.0 0.09531772575250835 1.0
1677.0 0.0794314381270903 0.0
1678.0 0.01588628762541806 1.0
1678.0 0.17157190635451502 0.0
1678.0 0.041304347826086954 0.0
1680.0 0.1080267558528428 0.0
1681.0 0.3558528428093645 1.0
1681.0 0.6354515050167224 1.0
1682.0 0.19381270903010034 1.0
1682.0 0.17157190635451502 1.0
1682.0 0.14297658862876256 1.0
1694.0 0.0031772575250836117 1.0
1699.0 0.2732441471571906 1.0
1700.0 0.03494983277591973 1.0
1709.0 0.09214046822742475 0.0
1710.0 0.09214046822742475 1.0
1710.0 0.7657190635451505 1.0
1711.0 0.6672240802675585 0.0
1716.0 0.20334448160535115 1.0
1718.0 0.025418060200668894 1.0
1722.0 0.022240802675585283 1.0
1723.0 0.12709030100334448 1.0
1728.0 0.0 0.0
1730.0 0.7021739130434782 0.0
1732.0 0.6036789297658863 1.0
1733.0 0.0540133779264214 1.0
1733.0 0.05719063545150502 1.0
1734.0 0.15568561872909698 1.0
1738.0 0.0540133779264214 1.0
1743.0 0.01906354515050167 1.0
1748.0 0.07625418060200669 1.0
1750.0 0.11438127090301003 0.0
1751.0 0.04765886287625418 1.0
1754.0 0.16839464882943142 1.0
1755.0 0.2954849498327759 0.0
1756.0 0.27959866220735785 0.0
1763.0 0.33678929765886284 0.0
1765.0 0.4734113712374582 0.0
1772.0 0.0 0.0
1774.0 0.95 0.0
1777.0 0.2827759197324415 1.0
1781.0 0.95 0.0
1781.0 0.38444816053511705 1.0
1782.0 0.08260869565217391 1.0
1788.0 0.17157190635451502 0.0
1790.0 0.95 1.0
1792.0 0.0 1.0
1795.0 0.1842809364548495 1.0
1798.0 0.1048494983277592 1.0
1800.0 0.95 0.0
1801.0 0.42257525083612035 1.0
1808.0 0.1334448160535117 0.0
1809.0 0.13026755852842808 1.0
1810.0 0.0 1.0
1814.0 0.12073578595317724 0.0
1818.0 0.25100334448160533 1.0
1820.0 0.12073578595317724 1.0
1820.0 0.0540133779264214 1.0
1822.0 0.07307692307692308 1.0
1822.0 0.03177257525083612 1.0
1824.0 0.11438127090301003 1.0
1824.0 0.25100334448160533 0.0
1832.0 0.01588628762541806 1.0
1832.0 0.03812709030100334 1.0
1839.0 0.1906354515050167 1.0
1842.0 0.09849498327759197 1.0
1843.0 0.07307692307692308 1.0
1845.0 0.2923076923076923 1.0
1849.0 0.1811036789297659 0.0
1849.0 0.17792642140468226 1.0
1853.0 0.03494983277591973 1.0
1854.0 0.34314381270903005 1.0
1857.0 0.16521739130434782 1.0
1860.0 0.13979933110367893 1.0
1861.0 0.044481605351170565 1.0
1867.0 0.3558528428093645 1.0
1867.0 0.33361204013377926 1.0
1868.0 0.04765886287625418 1.0
1869.0 0.15568561872909698 0.0
1870.0 0.0540133779264214 1.0
1871.0 0.09849498327759197 1.0
1872.0 0.04765886287625418 0.0
1873.0 0.025418060200668894 1.0
1874.0 0.05719063545150502 1.0
1875.0 0.3526755852842809 0.0
1877.0 0.01588628762541806 1.0
1878.0 0.05083612040133779 1.0
1879.0 0.12073578595317724 1.0
1879.0 0.022240802675585283 1.0
1881.0 0.95 1.0
1882.0 0.009531772575250836 1.0
1890.0 0.2414715719063545 1.0
1891.0 0.1588628762541806 1.0
1892.0 0.05083612040133779 1.0
1893.0 0.9150501672240803 0.0
1894.0 0.0540133779264214 1.0
1894.0 0.14297658862876256 0.0
1898.0 0.25100334448160533 1.0
1898.0 0.1588628762541806 1.0
1899.0 0.06354515050167224 1.0
