200
0.0 0.95 1.0
0.0 0.95 1.0
0.0 0.95 1.0
0.0 0.95 0.0
0.0 0.95 0.0
0.0 0.95 0.0
0.0 0.95 0.0
0.0 0.95 1.0
0.0 0.95 1.0
0.0 0.95 1.0
0.0 0.95 0.0
0.0 0.95 0.0
0.0 0.95 0.0
0.0 0.95 1.0
0.0 0.95 0.0
0.0 0.95 1.0
0.0 0.95 0.0
0.0 0.95 0.0
0.0 0.95 1.0
0.0 0.95 0.0
0.0 0.95 0.0
0.0 0.95 0.0
0.0 0.95 0.0
0.0 0.95 1.0
0.0 0.95 0.0
0.0 0.95 0.0
0.0 0.95 0.0
0.0 0.95 1.0
0.0 0.95 1.0
0.0 0.95 1.0
0.0 0.95 1.0
0.0 0.95 1.0
0.0 0.95 0.0
0.0 0.95 0.0
0.0 0.95 0.0
0.0 0.95 0.0
0.0 0.95 0.0
0.0 0.95 0.0
0.0 0.95 0.0
42.0 0.03494983277591973 1.0
49.0 0.1080267558528428 1.0
55.0 0.07307692307692308 1.0
70.0 0.06672240802675584 0.0
73.0 0.7530100334448161 1.0
84.0 0.06036789297658862 0.0
88.0 0.01588628762541806 1.0
94.0 0.01906354515050167 1.0
96.0 0.0 1.0
111.0 0.03494983277591973 0.0
111.0 0.0 0.0
197.0 0.22240802675585283 1.0
201.0 0.022240802675585283 1.0
215.0 0.95 0.0
218.0 0.01588628762541806 1.0
233.0 0.044481605351170565 1.0
236.0 0.11438127090301003 1.0
238.0 0.29866220735785953 0.0
243.0 0.11438127090301003 0.0
251.0 0.1334448160535117 1.0
260.0 0.09214046822742475 1.0
265.0 0.95 1.0
277.0 0.05083612040133779 1.0
285.0 0.09214046822742475 1.0
285.0 0.0 1.0
302.0 0.04765886287625418 1.0
344.0 0.22876254180602007 0.0
350.0 0.01906354515050167 1.0
360.0 0.1080267558528428 1.0
372.0 0.39080267558528425 0.0
389.0 0.23511705685618728 0.0
393.0 0.05719063545150502 1.0
393.0 0.31137123745819395 1.0
411.0 0.17157190635451502 1.0
437.0 0.17157190635451502 1.0
495.0 0.1080267558528428 1.0
495.0 0.16839464882943142 1.0
514.0 0.23511705685618728 1.0
525.0 0.5210702341137123 1.0
530.0 0.12391304347826086 1.0
539.0 0.212876254180602 0.0
548.0 0.07307692307692308 1.0
548.0 0.04765886287625418 1.0
554.0 0.04765886287625418 1.0
571.0 0.07625418060200669 1.0
585.0 0.09531772575250835 1.0
595.0 0.022240802675585283 1.0
616.0 0.01588628762541806 1.0
636.0 0.03177257525083612 1.0
639.0 0.06036789297658862 1.0
649.0 0.47658862876254177 1.0
673.0 0.1874581939799331 1.0
675.0 0.25418060200668896 1.0
680.0 0.04765886287625418 0.0
685.0 0.0 1.0
688.0 0.6576923076923077 1.0
702.0 0.14933110367892977 1.0
702.0 0.2827759197324415 1.0
727.0 0.03177257525083612 1.0
744.0 0.1334448160535117 1.0
760.0 0.2827759197324415 1.0
767.0 0.0540133779264214 1.0
774.0 0.06354515050167224 1.0
778.0 0.95 1.0
782.0 0.0540133779264214 1.0
787.0 0.05083612040133779 1.0
793.0 0.15250836120401337 1.0
797.0 0.6195652173913043 1.0
801.0 0.95 1.0
805.0 0.0 1.0
811.0 0.11120401337792642 1.0
822.0 0.5719063545150502 1.0
834.0 0.0031772575250836117 1.0
836.0 0.0 0.0
837.0 0.09214046822742475 1.0
880.0 0.0063545150501672235 1.0
888.0 0.12073578595317724 1.0
910.0 0.25100334448160533 1.0
917.0 0.13979933110367893 1.0
917.0 0.33678929765886284 1.0
943.0 0.041304347826086954 1.0
944.0 0.09531772575250835 1.0
944.0 0.13979933110367893 1.0
952.0 0.03177257525083612 1.0
953.0 0.95 0.0
954.0 0.07307692307692308 1.0
968.0 0.3240802675585284 0.0
971.0 0.0 1.0
984.0 0.044481605351170565 1.0
996.0 0.022240802675585283 1.0
1035.0 0.39080267558528425 1.0
1046.0 0.2827759197324415 0.0
1048.0 0.03177257525083612 1.0
1052.0 0.07625418060200669 1.0
1056.0 0.022240802675585283 1.0
1091.0 0.12391304347826086 1.0
1102.0 0.1906354515050167 1.0
1119.0 0.2414715719063545 1.0
1123.0 0.0 1.0
1137.0 0.02859531772575251 1.0
1156.0 0.8801003344481605 0.0
1162.0 0.11755852842809364 1.0
1168.0 0.044481605351170565 1.0
1181.0 0.06354515050167224 1.0
1193.0 0.34314381270903005 1.0
1208.0 0.1048494983277592 1.0
1216.0 0.95 0.0
1218.0 0.044481605351170565 1.0
1249.0 0.022240802675585283 1.0
1251.0 0.06036789297658862 1.0
1279.0 0.4321070234113712 1.0
1291.0 0.7244147157190636 1.0
1300.0 0.10167224080267558 1.0
1303.0 0.11438127090301003 1.0
1328.0 0.07307692307692308 1.0
1339.0 0.08260869565217391 1.0
1342.0 0.0031772575250836117 1.0
1346.0 0.3876254180602007 1.0
1382.0 0.3939799331103679 1.0
1387.0 0.05083612040133779 1.0
1393.0 0.03812709030100334 1.0
1472.0 0.07625418060200669 1.0
1476.0 0.95 1.0
1476.0 0.025418060200668894 1.0
1505.0 0.13979933110367893 0.0
1508.0 0.0031772575250836117 0.0
1517.0 0.10167224080267558 1.0
1527.0 0.05083612040133779 1.0
1567.0 0.7816053511705685 1.0
1603.0 0.14615384615384616 1.0
1614.0 0.10167224080267558 1.0
1617.0 0.06989966555183946 1.0
1625.0 0.0540133779264214 0.0
1639.0 0.03494983277591973 1.0
1644.0 0.05083612040133779 1.0
1649.0 0.12391304347826086 1.0
1660.0 0.44481605351170567 0.0
1668.0 0.5687290969899665 0.0
1679.0 0.826086956521739 0.0
1681.0 0.654515050167224 1.0
1687.0 0.025418060200668894 1.0
1700.0 0.0 0.0
1735.0 0.05083612040133779 0.0
1737.0 0.04765886287625418 1.0
1740.0 0.05083612040133779 1.0
1763.0 0.06036789297658862 1.0
1777.0 0.95 1.0
1779.0 0.95 0.0
1791.0 0.95 1.0
1814.0 0.09531772575250835 1.0
1866.0 0.12391304347826086 1.0
1867.0 0.06036789297658862 1.0
1869.0 0.1811036789297659 1.0
1869.0 0.33678929765886284 1.0
1878.0 0.01906354515050167 1.0
1878.0 0.05083612040133779 1.0
1887.0 0.5115384615384615 0.0
1890.0 0.2414715719063545 1.0
1893.0 0.9150501672240803 0.0
1893.0 0.8387959866220736 0.0
1896.0 0.0540133779264214 1.0
