500
0.0 0.95 0.0
0.0 0.95 0.0
0.0 0.95 0.0
0.0 0.95 0.0
0.0 0.95 1.0
0.0 0.95 0.0
0.0 0.95 0.0
0.0 0.95 0.0
0.0 0.95 0.0
0.0 0.95 1.0
0.0 0.95 0.0
0.0 0.95 0.0
0.0 0.95 0.0
0.0 0.95 1.0
0.0 0.95 1.0
0.0 0.95 0.0
0.0 0.95 1.0
0.0 0.95 0.0
0.0 0.95 0.0
0.0 0.95 1.0
0.0 0.95 0.0
0.0 0.95 1.0
0.0 0.95 0.0
0.0 0.95 0.0
0.0 0.95 1.0
0.0 0.95 0.0
0.0 0.95 0.0
0.0 0.95 0.0
0.0 0.95 1.0
0.0 0.95 0.0
0.0 0.95 0.0
0.0 0.95 1.0
0.0 0.95 0.0
0.0 0.7752508361204014 1.0
0.0 0.95 0.0
0.0 0.95 0.0
0.0 0.95 1.0
0.0 0.95 1.0
0.0 0.95 0.0
0.0 0.95 0.0
0.0 0.95 0.0
0.0 0.95 1.0
0.0 0.95 1.0
0.0 0.95 1.0
0.0 0.95 1.0
0.0 0.95 0.0
0.0 0.95 0.0
0.0 0.95 0.0
0.0 0.95 0.0
0.0 0.95 0.0
0.0 0.95 0.0
0.0 0.7561872909698997 1.0
0.0 0.95 1.0
0.0 0.95 0.0
0.0 0.95 1.0
0.0 0.95 0.0
0.0 0.95 0.0
0.0 0.95 0.0
0.0 0.95 1.0
0.0 0.95 1.0
0.0 0.95 0.0
0.0 0.95 0.0
0.0 0.95 0.0
0.0 0.95 0.0
0.0 0.95 0.0
0.0 0.95 0.0
0.0 0.95 1.0
0.0 0.95 0.0
0.0 0.95 0.0
0.0 0.95 0.0
0.0 0.95 0.0
0.0 0.95 1.0
0.0 0.8133779264214046 1.0
0.0 0.654515050167224 0.0
0.0 0.95 0.0
0.0 0.95 1.0
0.0 0.95 0.0
0.0 0.95 1.0
0.0 0.95 0.0
0.0 0.95 1.0
0.0 0.95 0.0
0.0 0.95 1.0
0.0 0.95 0.0
0.0 0.95 0.0
0.0 0.95 0.0
0.0 0.95 1.0
0.0 0.95 1.0
0.0 0.95 0.0
0.0 0.95 0.0
0.0 0.95 0.0
0.0 0.95 1.0
0.0 0.95 0.0
0.0 0.95 0.0
0.0 0.95 1.0
0.0 0.95 1.0
0.0 0.95 0.0
0.0 0.95 0.0
0.0 0.8197324414715719 0.0
0.0 0.95 0.0
0.0 0.95 0.0
0.0 0.95 0.0
0.0 0.95 1.0
0.0 0.95 0.0
0.0 0.95 1.0
0.0 0.95 0.0
0.0 0.95 0.0
0.0 0.95 0.0
0.0 0.95 0.0
0.0 0.95 1.0
0.0 0.95 0.0
0.0 0.95 0.0
0.0 0.95 1.0
0.0 0.95 1.0
0.0 0.95 1.0
0.0 0.95 0.0
0.0 0.95 0.0
0.0 0.95 0.0
0.0 0.95 0.0
0.0 0.95 0.0
0.0 0.95 0.0
21.0 0.09531772575250835 1.0
26.0 0.1080267558528428 0.0
37.0 0.044481605351170565 1.0
39.0 0.06989966555183946 1.0
39.0 0.03812709030100334 0.0
42.0 0.01588628762541806 1.0
72.0 0.0031772575250836117 1.0
84.0 0.06036789297658862 0.0
91.0 0.0 1.0
91.0 0.009531772575250836 1.0
95.0 0.1048494983277592 1.0
97.0 0.041304347826086954 0.0
107.0 0.009531772575250836 1.0
111.0 0.03494983277591973 0.0
127.0 0.0031772575250836117 1.0
135.0 0.044481605351170565 1.0
138.0 0.4352842809364548 1.0
144.0 0.03177257525083612 1.0
151.0 0.1080267558528428 1.0
152.0 0.0540133779264214 0.0
161.0 0.1588628762541806 0.0
163.0 0.2859531772575251 0.0
174.0 0.012709030100334447 1.0
178.0 0.5306020066889632 1.0
179.0 0.04765886287625418 1.0
186.0 0.33361204013377926 1.0
192.0 0.025418060200668894 1.0
192.0 0.03812709030100334 1.0
195.0 0.1366220735785953 1.0
197.0 0.3081939799331104 1.0
197.0 0.12073578595317724 1.0
205.0 0.041304347826086954 1.0
208.0 0.044481605351170565 1.0
208.0 0.05083612040133779 1.0
208.0 0.95 1.0
225.0 0.09214046822742475 1.0
226.0 0.0 1.0
229.0 0.11438127090301003 0.0
229.0 0.11755852842809364 0.0
229.0 0.49565217391304345 0.0
239.0 0.5782608695652174 0.0
241.0 0.2954849498327759 0.0
260.0 0.0 1.0
274.0 0.025418060200668894 1.0
274.0 0.01588628762541806 1.0
277.0 0.05719063545150502 1.0
280.0 0.05719063545150502 1.0
285.0 0.0 1.0
286.0 0.06672240802675584 0.0
291.0 0.39080267558528425 0.0
304.0 0.17157190635451502 0.0
309.0 0.23829431438127088 0.0
316.0 0.0 1.0
344.0 0.012709030100334447 1.0
350.0 0.2668896321070234 1.0
351.0 0.1874581939799331 1.0
355.0 0.1906354515050167 0.0
356.0 0.1048494983277592 1.0
364.0 0.04765886287625418 1.0
372.0 0.12073578595317724 1.0
375.0 0.26053511705685617 1.0
375.0 0.6227424749163879 0.0
376.0 0.7498327759197324 0.0
385.0 0.09849498327759197 1.0
405.0 0.95 0.0
405.0 0.95 0.0
405.0 0.0063545150501672235 1.0
416.0 0.22240802675585283 1.0
419.0 0.6005016722408026 0.0
425.0 0.16839464882943142 0.0
426.0 0.1080267558528428 1.0
426.0 0.0540133779264214 1.0
429.0 0.0 1.0
429.0 0.012709030100334447 1.0
430.0 0.0 0.0
430.0 0.06672240802675584 1.0
432.0 0.05083612040133779 1.0
440.0 0.05083612040133779 1.0
445.0 0.06989966555183946 0.0
445.0 0.1366220735785953 1.0
446.0 0.1080267558528428 1.0
446.0 0.327257525083612 1.0
446.0 0.1366220735785953 1.0
448.0 0.07307692307692308 0.0
450.0 0.8737458193979933 0.0
462.0 0.7180602006688963 0.0
462.0 0.95 0.0
468.0 0.0 0.0
471.0 0.5591973244147157 1.0
472.0 0.041304347826086954 1.0
474.0 0.40986622073578594 0.0
479.0 0.041304347826086954 1.0
482.0 0.06036789297658862 1.0
488.0 0.270066889632107 1.0
490.0 0.0063545150501672235 1.0
491.0 0.06354515050167224 1.0
492.0 0.09214046822742475 0.0
496.0 0.45117056856187293 1.0
503.0 0.0 0.0
505.0 0.95 0.0
520.0 0.08578595317725751 1.0
528.0 0.09531772575250835 0.0
530.0 0.11120401337792642 1.0
532.0 0.0031772575250836117 1.0
539.0 0.20334448160535115 1.0
545.0 0.3145484949832776 1.0
548.0 0.10167224080267558 1.0
549.0 0.6576923076923077 1.0
561.0 0.05083612040133779 1.0
562.0 0.07307692307692308 1.0
563.0 0.012709030100334447 1.0
565.0 0.08896321070234113 0.0
567.0 0.0 0.0
567.0 0.26371237458193975 1.0
570.0 0.11755852842809364 0.0
577.0 0.1842809364548495 0.0
580.0 0.0 0.0
581.0 0.06354515050167224 1.0
594.0 0.2891304347826087 1.0
614.0 0.03177257525083612 1.0
617.0 0.11120401337792642 1.0
619.0 0.0 1.0
622.0 0.09531772575250835 1.0
635.0 0.009531772575250836 1.0
636.0 0.03177257525083612 1.0
639.0 0.06672240802675584 1.0
640.0 0.3145484949832776 1.0
640.0 0.23829431438127088 1.0
642.0 0.2160535117056856 1.0
644.0 0.009531772575250836 1.0
648.0 0.16521739130434782 1.0
652.0 0.05719063545150502 0.0
652.0 0.14297658862876256 0.0
654.0 0.95 1.0
663.0 0.0 1.0
665.0 0.044481605351170565 1.0
668.0 0.1080267558528428 1.0
668.0 0.44481605351170567 1.0
668.0 0.03812709030100334 0.0
669.0 0.4003344481605351 1.0
672.0 0.2668896321070234 1.0
684.0 0.05719063545150502 1.0
690.0 0.044481605351170565 1.0
692.0 0.08896321070234113 0.0
693.0 0.13979933110367893 1.0
695.0 0.0 1.0
696.0 0.3399665551839465 1.0
696.0 0.0 1.0
700.0 0.4861204013377926 1.0
702.0 0.3145484949832776 1.0
702.0 0.2827759197324415 1.0
705.0 0.1842809364548495 0.0
708.0 0.0794314381270903 1.0
712.0 0.09531772575250835 0.0
714.0 0.09849498327759197 1.0
714.0 0.17157190635451502 1.0
714.0 0.07307692307692308 1.0
715.0 0.7911371237458193 0.0
715.0 0.022240802675585283 0.0
719.0 0.5846153846153846 1.0
720.0 0.44481605351170567 1.0
728.0 0.95 1.0
728.0 0.95 1.0
729.0 0.6005016722408026 1.0
736.0 0.14933110367892977 1.0
736.0 0.14933110367892977 1.0
744.0 0.20016722408026755 1.0
744.0 0.11438127090301003 1.0
749.0 0.0031772575250836117 1.0
758.0 0.95 0.0
759.0 0.09849498327759197 1.0
768.0 0.16839464882943142 1.0
776.0 0.012709030100334447 1.0
777.0 0.20652173913043476 1.0
777.0 0.0 1.0
780.0 0.1334448160535117 1.0
781.0 0.14297658862876256 0.0
791.0 0.041304347826086954 0.0
793.0 0.06354515050167224 1.0
793.0 0.0031772575250836117 0.0
794.0 0.09849498327759197 0.0
796.0 0.05083612040133779 1.0
800.0 0.11755852842809364 1.0
809.0 0.08578595317725751 1.0
822.0 0.10167224080267558 1.0
827.0 0.04765886287625418 1.0
840.0 0.05719063545150502 1.0
843.0 0.041304347826086954 1.0
848.0 0.03812709030100334 1.0
851.0 0.6862876254180601 0.0
854.0 0.95 1.0
859.0 0.9436454849498327 1.0
875.0 0.09849498327759197 1.0
878.0 0.044481605351170565 1.0
881.0 0.25735785953177254 0.0
885.0 0.0031772575250836117 0.0
885.0 0.4607023411371237 1.0
889.0 0.025418060200668894 0.0
900.0 0.6767558528428093 0.0
903.0 0.6513377926421404 1.0
905.0 0.0063545150501672235 1.0
911.0 0.025418060200668894 1.0
917.0 0.95 1.0
918.0 0.09849498327759197 1.0
927.0 0.17792642140468226 0.0
928.0 0.0031772575250836117 1.0
934.0 0.12391304347826086 1.0
935.0 0.15568561872909698 1.0
937.0 0.19381270903010034 1.0
938.0 0.95 0.0
938.0 0.11120401337792642 1.0
946.0 0.26053511705685617 0.0
952.0 0.12073578595317724 0.0
954.0 0.07307692307692308 1.0
954.0 0.0 1.0
962.0 0.02859531772575251 1.0
966.0 0.3399665551839465 0.0
973.0 0.06672240802675584 1.0
990.0 0.08896321070234113 0.0
1017.0 0.07625418060200669 1.0
1018.0 0.09214046822742475 1.0
1020.0 0.270066889632107 1.0
1021.0 0.12073578595317724 0.0
1021.0 0.08578595317725751 0.0
1044.0 0.7847826086956522 1.0
1049.0 0.14615384615384616 1.0
1049.0 0.05083612040133779 1.0
1050.0 0.0 0.0
1051.0 0.17474916387959866 0.0
1051.0 0.01588628762541806 1.0
1060.0 0.08578595317725751 1.0
1077.0 0.16839464882943142 1.0
1085.0 0.03177257525083612 1.0
1085.0 0.867391304347826 0.0
1085.0 0.8165551839464883 1.0
1093.0 0.1080267558528428 1.0
1108.0 0.0063545150501672235 1.0
1115.0 0.11120401337792642 1.0
1129.0 0.07625418060200669 0.0
1133.0 0.14615384615384616 1.0
1139.0 0.10167224080267558 1.0
1139.0 0.5846153846153846 1.0
1143.0 0.23829431438127088 1.0
1153.0 0.1842809364548495 1.0
1160.0 0.12391304347826086 0.0
1160.0 0.5083612040133779 1.0
1163.0 0.95 1.0
1171.0 0.041304347826086954 0.0
1174.0 0.1080267558528428 1.0
1177.0 0.23511705685618728 1.0
1178.0 0.02859531772575251 1.0
1185.0 0.07307692307692308 0.0
1185.0 0.1048494983277592 1.0
1189.0 0.6767558528428093 1.0
1228.0 0.95 0.0
1228.0 0.95 1.0
1238.0 0.37809364548494984 0.0
1243.0 0.044481605351170565 0.0
1249.0 0.7847826086956522 1.0
1251.0 0.6767558528428093 1.0
1251.0 0.2859531772575251 1.0
1258.0 0.0063545150501672235 0.0
1263.0 0.012709030100334447 1.0
1263.0 0.0540133779264214 1.0
1264.0 0.95 1.0
1265.0 0.09849498327759197 1.0
1269.0 0.14933110367892977 1.0
1269.0 0.8197324414715719 1.0
1270.0 0.482943143812709 1.0
1271.0 0.95 1.0
1272.0 0.09214046822742475 1.0
1274.0 0.38444816053511705 1.0
1314.0 0.06989966555183946 0.0
1320.0 0.2414715719063545 1.0
1326.0 0.30183946488294316 1.0
1352.0 0.10167224080267558 1.0
1355.0 0.0031772575250836117 1.0
1355.0 0.19698996655518394 1.0
1365.0 0.22240802675585283 1.0
1371.0 0.022240802675585283 1.0
1388.0 0.0 0.0
1395.0 0.6005016722408026 1.0
1398.0 0.27959866220735785 1.0
1404.0 0.5719063545150502 1.0
1417.0 0.23511705685618728 1.0
1418.0 0.06989966555183946 0.0
1420.0 0.1334448160535117 1.0
1433.0 0.03494983277591973 1.0
1435.0 0.6481605351170568 1.0
1436.0 0.0794314381270903 0.0
1440.0 0.1334448160535117 1.0
1451.0 0.09214046822742475 1.0
1457.0 0.14933110367892977 1.0
1464.0 0.2414715719063545 1.0
1466.0 0.16839464882943142 1.0
1477.0 0.95 0.0
1477.0 0.03812709030100334 1.0
1478.0 0.044481605351170565 1.0
1483.0 0.0 0.0
1483.0 0.9245819397993311 1.0
1485.0 0.05083612040133779 1.0
1485.0 0.33361204013377926 0.0
1495.0 0.09849498327759197 1.0
1503.0 0.06354515050167224 1.0
1505.0 0.041304347826086954 1.0
1511.0 0.2827759197324415 0.0
1514.0 0.03812709030100334 1.0
1514.0 0.044481605351170565 1.0
1516.0 0.2668896321070234 1.0
1519.0 0.09849498327759197 1.0
1528.0 0.044481605351170565 1.0
1531.0 0.0 1.0
1532.0 0.06989966555183946 1.0
1544.0 0.0 1.0
1546.0 0.23193979933110367 1.0
1548.0 0.044481605351170565 1.0
1548.0 0.0 0.0
1549.0 0.16521739130434782 1.0
1556.0 0.044481605351170565 1.0
1556.0 0.6259197324414716 1.0
1557.0 0.0 0.0
1563.0 0.3145484949832776 1.0
1569.0 0.14615384615384616 0.0
1575.0 0.03812709030100334 1.0
1576.0 0.03812709030100334 1.0
1581.0 0.08578595317725751 1.0
1584.0 0.11755852842809364 0.0
1588.0 0.6608695652173913 1.0
1594.0 0.12073578595317724 1.0
1597.0 0.7752508361204014 1.0
1617.0 0.95 0.0
1625.0 0.09849498327759197 1.0
1628.0 0.11438127090301003 1.0
1631.0 0.95 1.0
1637.0 0.41622073578595314 0.0
1639.0 0.95 0.0
1641.0 0.11438127090301003 1.0
1647.0 0.08260869565217391 0.0
1648.0 0.42892976588628756 1.0
1649.0 0.3526755852842809 1.0
1649.0 0.44481605351170567 0.0
1649.0 0.3939799331103679 1.0
1657.0 0.8769230769230769 1.0
1658.0 0.025418060200668894 0.0
1660.0 0.1588628762541806 1.0
1667.0 0.0 1.0
1667.0 0.022240802675585283 0.0
1671.0 0.10167224080267558 1.0
1672.0 0.041304347826086954 1.0
1672.0 0.044481605351170565 0.0
1676.0 0.0031772575250836117 0.0
1681.0 0.6036789297658863 1.0
1681.0 0.1334448160535117 1.0
1696.0 0.06989966555183946 1.0
1719.0 0.044481605351170565 1.0
1720.0 0.02859531772575251 1.0
1723.0 0.16521739130434782 1.0
1737.0 0.0031772575250836117 1.0
1739.0 0.0 1.0
1740.0 0.05083612040133779 1.0
1751.0 0.11438127090301003 1.0
1792.0 0.10167224080267558 1.0
1799.0 0.08260869565217391 0.0
1809.0 0.12709030100334448 1.0
1817.0 0.23511705685618728 1.0
1820.0 0.10167224080267558 1.0
1821.0 0.0063545150501672235 1.0
1826.0 0.95 1.0
1830.0 0.12073578595317724 1.0
1835.0 0.022240802675585283 1.0
1855.0 0.09531772575250835 1.0
1858.0 0.04765886287625418 1.0
1861.0 0.0063545150501672235 1.0
1863.0 0.11438127090301003 1.0
1882.0 0.8642140468227424 1.0
1883.0 0.20016722408026755 1.0
1887.0 0.12391304347826086 1.0
1889.0 0.022240802675585283 1.0
1897.0 0.04765886287625418 0.0
1898.0 0.25100334448160533 1.0
