1000
133 172
116 149
133 106
127 170
130 169
103 152
106 166
143 170
155 149
122 169
155 104
105 151
171 157
113 143
111 147
119 100
152 144
124 111
131 100
128 137
152 152
113 166
163 158
106 153
161 135
161 160
112 139
144 171
183 153
113 106
136 162
138 162
168 115
181 129
137 169
143 165
158 159
161 148
110 141
132 149
151 103
143 96
100 154
107 157
107 166
183 128
107 164
174 139
120 167
113 163
163 154
149 163
153 163
153 162
173 124
116 101
100 155
103 160
127 138
113 101
113 149
123 140
156 158
105 164
134 151
124 139
113 160
119 104
126 168
99 160
106 162
157 162
110 165
107 145
165 158
107 158
121 164
108 152
128 168
147 167
136 136
106 149
111 160
129 171
143 169
108 156
160 144
124 165
117 141
116 158
147 168
157 153
168 158
133 98
174 133
172 134
115 168
123 139
105 156
132 102
132 147
156 107
136 169
133 99
111 158
112 165
165 135
116 157
137 158
141 149
151 154
143 168
109 155
105 162
155 106
121 144
159 158
135 158
114 103
147 163
114 140
114 108
145 166
170 140
170 139
147 164
117 162
108 144
122 157
135 104
100 151
122 171
109 152
101 156
151 162
99 159
120 166
144 167
157 147
138 170
110 142
133 154
130 199
123 165
166 99
90 157
121 145
169 146
123 138
101 162
106 147
87 162
104 150
121 171
99 149
118 169
125 108
127 113
149 164
131 101
129 101
91 156
156 99
120 147
136 157
112 155
143 166
157 150
182 150
125 169
102 156
113 104
137 152
84 160
108 142
152 100
179 140
157 146
154 99
89 161
103 148
137 168
139 106
153 146
136 164
132 170
139 121
141 162
86 159
160 143
156 162
129 157
154 134
114 100
133 109
156 148
104 154
170 124
169 124
124 167
114 150
157 105
101 164
116 106
149 162
86 160
128 169
147 155
146 108
128 112
169 157
106 161
117 100
136 107
116 107
153 136
135 162
126 162
129 99
139 131
117 169
116 168
179 153
137 170
165 156
115 166
136 163
172 124
122 100
166 157
177 133
135 135
133 170
131 166
101 148
113 150
165 123
110 145
182 149
114 104
157 148
155 129
153 103
123 143
113 138
125 100
117 138
165 155
185 140
152 164
146 130
109 157
129 150
147 108
146 162
120 164
157 102
123 117
182 132
112 158
88 161
122 108
130 140
101 158
150 165
139 169
150 103
158 148
104 147
104 161
123 163
105 157
118 142
151 108
120 107
117 165
164 158
102 153
186 128
111 163
112 157
99 150
175 135
120 103
138 117
136 165
136 170
129 169
122 128
147 134
119 163
115 99
110 144
113 157
126 170
131 98
149 131
184 134
109 141
102 160
113 147
100 160
109 165
123 104
138 163
165 154
168 112
115 164
148 159
103 155
135 109
117 101
83 161
167 134
131 165
104 149
111 145
123 154
143 172
100 150
167 158
159 140
138 171
138 158
122 162
139 170
109 161
165 102
111 165
177 124
119 107
160 98
115 159
159 161
134 98
108 165
101 151
134 116
121 170
111 144
148 106
111 143
156 161
116 167
114 168
100 162
148 158
107 146
123 102
170 157
119 162
152 103
192 152
106 158
115 143
109 153
142 169
173 156
152 108
126 167
147 130
128 165
142 168
162 142
124 100
106 155
153 114
132 146
99 152
149 151
175 133
125 111
144 163
130 98
124 166
126 165
142 161
104 148
142 170
115 113
156 142
108 155
144 96
143 151
117 167
169 142
99 151
154 101
159 162
107 155
152 105
112 164
123 101
113 142
119 103
120 170
154 103
139 128
168 129
128 99
138 169
154 97
109 166
134 171
124 103
101 153
173 123
140 163
138 109
113 137
118 100
110 166
165 152
156 164
149 106
124 160
152 107
104 153
158 157
140 165
120 101
123 99
184 129
160 138
113 99
137 167
178 132
151 104
165 151
117 142
115 167
127 169
131 112
143 124
116 143
110 153
115 100
90 160
102 148
135 149
108 143
116 159
184 151
179 128
105 146
141 106
105 148
139 103
116 138
139 164
136 171
137 134
84 161
153 107
85 160
119 167
123 166
141 163
157 163
125 171
85 161
105 159
115 138
184 130
157 160
112 147
99 158
116 108
104 159
103 154
158 158
112 104
141 170
148 154
90 159
123 168
100 153
174 156
111 157
160 145
99 154
119 166
142 156
152 131
167 148
134 170
119 101
119 153
110 163
133 111
118 106
132 169
167 121
159 150
107 148
94 154
100 149
164 124
120 165
125 101
137 171
124 101
155 161
133 115
115 144
123 162
168 150
162 157
112 149
100 159
101 152
173 126
179 131
102 155
82 158
189 151
132 163
129 163
139 165
121 163
122 101
110 161
116 144
127 165
121 102
157 164
106 152
149 157
173 127
88 162
108 166
140 170
164 135
108 162
102 152
183 130
141 168
130 167
122 111
117 137
157 107
187 134
102 165
101 154
112 166
158 106
154 102
157 145
133 171
112 150
112 105
102 150
111 152
192 150
89 160
140 149
136 168
130 170
158 156
159 163
131 172
148 109
46 182
122 170
155 103
125 110
114 105
110 160
155 165
139 104
128 101
99 153
115 111
126 171
119 102
153 106
151 106
154 107
98 157
122 106
91 155
127 164
155 154
118 168
88 160
118 167
106 160
144 169
166 154
167 157
152 130
120 100
143 152
109 164
117 166
110 155
128 138
122 164
105 160
189 132
126 158
109 140
119 151
163 137
146 167
125 167
146 168
154 162
130 111
167 120
134 169
164 143
112 144
130 171
121 100
116 162
137 135
188 131
119 142
114 111
156 102
113 164
142 123
153 152
140 168
180 136
174 153
152 165
113 161
159 146
125 166
150 137
115 140
129 164
174 132
118 105
116 165
134 109
120 133
121 167
120 102
121 147
149 150
109 160
127 159
184 133
160 159
174 124
98 154
186 138
161 146
149 126
135 169
181 150
113 100
106 151
131 171
117 112
132 139
150 152
101 155
114 158
100 156
102 147
159 108
122 144
189 140
114 113
153 97
114 164
162 155
154 108
141 166
121 162
161 159
105 155
135 172
125 160
123 137
148 108
117 154
119 164
125 143
171 139
185 64
110 167
135 147
83 160
160 161
183 133
160 136
139 171
175 123
105 165
112 162
165 150
128 170
114 144
135 112
149 166
103 157
124 171
175 155
148 162
140 158
150 161
108 158
149 159
121 153
127 167
147 159
136 166
135 171
150 99
157 143
183 132
122 105
128 100
139 133
127 99
102 154
146 163
149 167
117 104
108 146
114 149
131 167
146 96
151 156
184 150
89 158
107 153
126 113
180 130
107 161
103 162
116 163
164 123
133 168
117 135
151 107
151 140
114 167
153 148
122 103
115 139
120 143
162 139
121 111
130 102
112 103
156 101
191 81
161 138
156 163
121 160
121 101
166 155
136 161
131 161
134 168
98 156
157 123
151 142
116 160
128 164
118 143
106 163
111 159
150 104
138 160
148 161
175 157
183 150
139 132
142 129
114 160
111 104
119 106
140 96
132 171
183 129
106 156
153 105
171 156
103 149
137 164
119 135
102 158
138 167
146 156
150 106
104 160
125 102
107 156
111 167
120 168
142 151
148 163
153 130
167 116
99 155
110 146
127 171
129 161
91 157
101 150
107 162
110 150
109 144
153 100
177 132
157 154
141 171
143 97
150 163
150 164
150 166
98 152
125 99
104 165
126 160
143 155
158 127
125 165
111 162
183 139
159 159
160 162
120 169
133 105
113 103
91 161
165 119
132 166
156 103
158 128
123 171
103 156
115 101
123 103
156 135
113 139
128 157
112 160
156 150
113 148
118 164
105 158
120 158
117 102
166 158
136 134
182 129
127 168
134 110
194 153
110 164
157 106
109 159
130 166
112 154
87 158
166 113
184 138
103 146
116 105
117 103
120 159
113 145
149 104
115 141
150 162
149 96
117 143
168 157
140 124
112 143
141 164
145 148
133 165
128 107
130 172
156 106
174 125
174 155
161 150
143 99
139 123
118 102
133 147
109 163
106 157
134 172
125 141
142 147
122 112
167 115
157 161
131 162
122 156
106 154
129 100
110 103
138 105
115 165
128 143
104 158
114 138
186 152
155 159
173 125
126 166
150 160
115 108
142 163
157 100
134 160
110 158
90 162
151 105
133 110
115 103
154 164
153 164
186 150
125 140
170 156
114 112
180 131
129 162
102 149
120 163
164 159
164 157
188 129
118 138
116 164
107 165
145 157
157 103
112 145
148 96
117 168
115 163
113 168
111 151
105 152
165 129
154 161
123 167
142 167
137 98
143 158
101 149
156 108
124 163
133 163
150 107
103 153
134 148
155 101
115 162
120 104
148 155
171 129
103 161
135 166
152 104
154 152
108 153
88 159
99 157
102 157
119 170
166 112
147 131
123 160
159 101
133 167
152 162
124 102
145 162
119 134
85 159
98 159
115 157
108 159
121 103
154 106
124 168
184 128
101 163
120 112
154 111
144 170
165 153
131 169
90 158
164 144
