4748
78 190
33 158
67 174
33 156
96 197
96 197
96 197
96 195
96 197
100 196
96 197
94 198
95 197
102 197
96 197
99 196
96 197
96 198
74 186
63 190
63 190
97 197
97 196
95 197
94 197
96 197
95 198
93 198
96 197
101 196
96 197
96 198
92 198
96 196
93 198
97 197
146 165
95 190
97 196
96 196
95 197
96 196
136 177
93 198
117 190
101 197
96 196
161 160
135 177
101 197
96 197
101 197
96 197
102 196
101 196
98 196
98 197
96 197
96 198
100 196
101 197
96 197
96 197
96 195
95 197
95 197
97 196
93 199
96 198
95 196
96 197
96 197
96 197
96 197
103 196
96 197
102 197
94 196
100 197
96 196
92 199
112 193
92 198
110 196
95 197
94 198
97 197
96 196
96 197
2 167
93 197
31 161
34 155
51 124
69 11
57 188
69 11
68 10
69 11
69 10
70 11
70 11
69 10
70 11
69 11
69 11
68 11
68 11
68 10
69 10
69 11
68 11
67 10
70 10
69 11
71 10
69 11
69 11
68 11
69 10
70 10
68 11
68 11
67 11
70 11
69 10
69 11
70 10
69 10
69 11
69 10
68 10
69 11
69 10
70 10
69 11
68 11
68 10
70 10
68 10
69 10
69 10
69 11
51 124
51 124
51 124
51 125
51 124
51 125
51 125
51 125
52 125
51 125
51 125
51 124
51 125
51 125
51 125
51 124
49 126
53 127
54 126
51 124
52 125
50 124
34 133
52 111
51 124
53 124
52 125
52 111
52 125
51 124
51 124
51 124
51 124
51 125
51 125
51 125
52 125
51 125
52 125
50 124
53 126
50 125
53 134
49 124
51 125
50 124
53 125
54 121
52 124
52 125
51 125
51 125
72 196
67 10
70 10
61 10
63 11
36 154
63 190
65 10
67 10
61 9
70 10
68 10
69 11
69 11
68 11
69 10
140 24
65 11
96 197
130 172
150 164
99 196
97 196
96 196
58 185
49 124
33 155
64 188
57 186
57 187
57 187
58 187
57 187
57 187
57 187
52 180
93 199
33 156
34 157
101 197
96 197
97 197
31 157
33 157
32 156
33 156
33 156
33 156
34 155
33 157
33 157
63 21
33 156
33 156
34 157
33 156
32 158
33 157
33 156
33 156
33 156
33 157
61 189
68 169
57 187
55 162
57 187
96 197
51 125
68 11
50 185
35 151
87 198
57 188
58 186
88 198
57 186
57 187
57 187
57 186
57 187
58 187
34 154
60 188
32 157
32 159
33 156
105 194
69 11
33 157
12 163
118 188
79 196
33 154
34 157
33 157
34 156
33 156
33 156
33 157
35 154
57 186
91 193
70 10
58 183
33 157
31 153
88 199
97 197
97 196
58 187
57 188
57 188
58 185
52 125
52 125
51 125
51 125
52 125
51 124
51 124
51 124
51 124
51 125
51 124
51 124
52 124
51 124
50 124
50 124
51 124
50 124
50 124
97 196
97 197
97 196
33 157
33 157
33 157
33 157
33 157
34 157
33 157
34 157
33 156
33 157
35 158
32 157
33 157
33 157
33 157
33 157
34 157
33 157
33 157
33 157
32 157
32 157
33 157
33 157
32 157
36 155
33 156
33 157
33 157
33 156
33 157
33 157
33 157
32 157
33 157
33 157
32 158
33 157
32 157
32 158
70 10
69 10
34 156
34 157
48 177
147 165
63 190
57 186
58 186
82 13
57 187
33 156
33 156
41 159
43 166
1 168
123 185
188 86
40 153
57 187
89 199
33 158
57 187
31 158
33 158
140 175
51 124
96 196
57 187
70 162
57 187
81 172
57 187
33 156
32 155
58 187
33 158
62 119
34 156
31 157
33 156
33 156
34 156
34 156
34 154
79 197
59 185
60 188
52 186
59 185
53 185
60 189
77 189
60 189
60 189
65 10
88 5
88 4
70 10
69 10
188 86
188 86
189 86
49 177
49 177
2 168
84 181
93 199
96 196
57 188
71 12
57 188
33 157
92 199
58 188
59 187
58 187
90 199
57 187
58 186
57 187
64 189
57 188
57 187
57 188
63 190
51 124
51 124
50 124
2 168
11 167
34 156
57 188
58 188
57 187
57 188
60 188
57 188
57 188
63 190
57 187
59 188
59 188
57 188
58 188
58 188
53 185
63 190
58 186
55 162
57 186
64 189
70 195
60 177
57 186
56 185
60 186
96 197
58 185
62 189
58 186
60 189
57 186
60 189
58 188
57 187
63 190
57 187
62 189
58 186
33 158
31 157
34 155
33 155
33 157
33 157
32 158
33 156
33 156
33 156
31 153
33 158
35 138
36 156
31 153
30 156
135 177
97 196
93 188
98 197
95 195
94 198
110 196
53 183
67 10
57 188
58 186
58 186
58 186
57 188
60 189
56 186
95 197
97 196
103 197
101 196
95 195
96 196
97 196
103 197
96 197
96 197
98 197
93 198
100 194
101 196
95 198
94 196
96 197
102 189
95 198
95 197
93 198
98 197
96 196
109 196
96 196
97 196
94 197
102 197
96 196
94 197
96 193
96 195
96 196
96 197
97 196
109 196
93 197
95 197
97 197
98 196
93 198
93 197
96 194
93 198
95 195
95 198
96 196
94 197
97 197
96 196
96 197
96 197
96 197
96 196
97 197
94 198
95 197
95 198
96 197
95 197
95 196
95 198
97 196
94 198
99 197
95 197
97 195
96 197
97 197
95 195
34 154
63 190
58 187
58 186
57 187
63 191
58 186
64 189
56 187
56 187
56 187
88 199
57 186
59 188
57 187
57 187
59 185
57 187
57 188
60 182
57 187
57 186
57 187
53 184
58 188
54 186
59 188
58 185
57 187
57 172
57 188
59 187
75 182
91 198
46 183
63 190
57 187
58 184
61 189
57 188
57 187
57 188
61 189
62 190
57 187
89 199
56 186
64 190
100 196
95 195
57 186
59 188
63 190
58 186
58 186
64 192
56 185
63 189
101 197
103 195
53 186
56 184
64 190
61 189
58 185
57 187
58 187
57 187
57 187
62 189
59 185
58 187
58 188
58 186
57 186
58 187
57 186
58 186
59 186
57 186
39 181
58 187
59 186
58 187
58 187
57 185
58 187
58 188
58 188
57 186
55 185
33 157
64 190
60 188
51 185
53 186
60 188
60 189
58 185
50 184
58 186
65 176
51 124
33 135
96 191
69 11
69 11
68 11
70 10
57 186
58 186
58 186
63 190
58 186
58 188
58 187
64 190
63 190
57 188
60 188
57 187
59 188
58 185
58 185
60 189
56 186
58 185
58 185
57 186
57 188
56 185
56 186
56 186
63 190
64 189
60 188
56 187
53 186
62 189
54 186
61 188
64 190
33 160
32 159
31 161
33 156
61 189
58 186
61 189
57 187
61 189
58 187
53 186
53 186
58 186
57 187
63 190
58 187
60 173
48 177
49 177
48 177
48 178
48 177
48 177
49 177
49 177
48 177
48 177
47 177
49 177
96 197
49 177
2 168
7 159
2 168
13 163
8 158
2 169
11 167
2 168
101 197
93 198
60 188
58 186
61 189
65 10
51 124
51 125
50 125
51 124
50 124
51 125
50 124
51 124
51 125
51 125
50 125
51 126
49 124
52 125
51 124
51 126
51 125
51 125
51 124
53 125
50 125
51 124
51 125
50 124
51 124
50 124
51 124
188 86
51 124
50 124
11 167
119 101
51 124
57 186
31 166
51 124
51 124
48 177
69 10
69 10
58 187
57 187
65 191
58 187
58 186
59 186
59 186
57 187
57 187
55 184
63 190
33 156
33 158
32 153
32 157
32 157
32 157
101 197
96 191
34 157
2 168
12 164
2 168
56 187
10 167
2 168
58 187
2 168
13 162
2 169
11 167
56 187
58 188
11 167
3 168
2 169
58 187
38 148
13 160
3 168
57 187
11 167
58 188
4 168
57 188
56 187
56 187
58 188
58 187
58 187
57 187
58 187
58 187
58 187
58 187
58 187
58 185
57 187
58 187
57 187
58 186
57 188
58 187
58 187
57 186
58 187
57 187
58 187
58 187
58 187
57 187
57 187
57 187
51 125
51 124
188 87
51 124
51 124
50 124
51 124
51 124
50 124
50 125
50 124
51 124
51 124
50 124
49 124
51 124
53 126
52 125
52 125
61 122
119 101
50 124
32 157
35 154
51 125
50 124
52 124
35 155
32 157
32 157
34 157
33 156
33 158
33 158
33 158
33 157
33 157
33 158
33 156
34 156
67 10
69 10
68 10
69 11
68 11
68 11
65 10
65 10
69 10
68 11
67 10
67 10
68 11
68 11
68 11
68 11
69 10
69 11
66 10
67 10
65 10
68 10
71 10
68 10
49 124
50 126
51 124
49 124
50 124
49 124
47 125
50 124
51 124
50 124
50 128
49 126
50 125
190 115
47 124
188 86
188 86
51 125
96 198
97 197
95 197
95 197
95 197
95 197
95 197
96 197
98 197
98 196
98 196
99 197
92 199
93 198
112 193
93 198
61 189
59 186
57 186
61 189
56 185
56 187
58 185
58 185
56 187
57 185
63 190
54 186
57 187
54 186
54 186
54 186
63 189
57 186
62 189
61 189
57 187
58 184
57 187
58 186
57 187
58 186
58 186
57 188
61 189
58 186
62 190
58 187
54 186
59 186
58 187
58 186
44 166
54 186
63 190
60 189
63 190
57 186
63 190
69 194
60 189
61 177
57 186
69 10
70 12
70 10
69 11
70 10
69 11
69 10
68 11
70 10
69 12
70 10
70 10
69 10
69 10
70 11
69 11
68 11
68 11
70 11
69 12
70 11
56 185
58 183
44 166
63 190
63 190
57 187
63 190
57 187
56 187
49 168
46 167
59 185
57 187
53 185
57 186
46 168
63 190
49 169
63 190
55 186
58 185
46 182
50 184
57 187
56 186
62 189
57 188
49 177
33 158
96 194
49 177
48 177
48 178
49 177
49 177
52 180
98 196
88 198
101 197
97 197
33 160
33 156
33 157
70 12
67 10
70 10
69 11
66 10
68 11
68 10
94 195
102 196
109 194
96 196
97 197
153 143
96 197
93 199
155 162
97 197
117 172
95 197
146 165
115 184
96 196
93 197
98 197
57 187
94 197
157 159
95 197
121 184
93 195
96 193
102 197
95 195
96 197
200 143
13 164
13 161
13 164
184 86
76 39
30 157
34 156
33 158
32 156
33 156
34 156
33 158
33 158
57 187
57 187
48 177
96 197
139 174
97 197
68 10
77 11
51 125
52 121
54 121
56 125
51 124
51 125
51 124
50 125
37 130
53 125
188 86
34 155
33 156
33 156
33 158
34 158
31 153
33 156
30 157
38 145
33 156
31 154
32 158
31 159
31 158
33 158
32 157
32 157
32 158
34 157
33 157
34 155
31 158
32 158
36 154
36 154
29 152
48 148
83 197
64 188
62 190
59 186
57 187
58 185
58 188
58 185
56 185
57 188
58 184
57 187
57 186
61 188
74 186
57 186
65 190
40 142
33 156
33 158
32 158
57 187
56 187
58 186
57 186
57 187
57 186
57 187
84 198
90 191
79 195
57 187
30 144
43 182
88 199
64 191
59 185
65 187
63 190
34 155
89 199
61 189
55 185
56 187
51 185
63 189
94 198
101 197
93 175
118 188
97 197
117 188
161 160
147 165
160 160
146 165
146 166
161 160
159 159
146 165
161 160
161 160
146 165
147 165
146 165
135 177
147 165
146 165
96 197
94 198
95 197
96 196
94 198
92 192
103 197
93 198
144 168
93 198
93 196
93 196
98 196
58 185
57 186
58 185
58 188
58 188
57 188
58 187
57 187
58 188
58 188
58 188
58 188
57 188
58 188
58 187
57 187
57 187
32 158
96 197
32 157
96 196
97 196
95 196
95 196
96 196
96 197
50 124
51 125
51 124
51 124
50 124
50 124
33 158
33 157
3 167
31 157
55 162
101 197
49 177
133 178
135 176
33 157
33 157
32 158
32 157
35 151
32 157
33 156
33 157
31 157
31 155
33 156
37 157
31 164
95 193
33 155
33 156
33 158
33 156
31 159
31 154
31 153
33 156
34 156
57 187
58 188
57 188
57 186
58 186
57 188
48 177
62 190
52 185
56 187
59 182
56 187
59 189
58 185
53 186
57 187
58 188
57 186
60 188
57 187
59 187
58 188
53 183
44 166
61 189
96 198
96 196
95 197
95 197
77 189
96 196
96 197
95 197
100 196
96 196
99 197
64 190
51 124
51 124
50 124
29 160
50 125
50 124
188 86
69 11
68 11
69 11
70 10
49 124
52 125
49 124
49 126
30 154
33 157
31 157
33 156
34 156
53 186
61 189
58 186
63 190
58 186
59 183
79 197
73 186
50 185
57 187
57 187
69 178
58 183
43 166
67 194
57 187
56 187
91 199
77 182
64 191
57 187
57 185
56 187
57 187
62 189
50 185
57 188
57 187
58 184
57 188
48 184
57 187
58 185
57 187
53 184
58 184
59 185
63 190
64 181
58 187
58 187
64 188
58 188
63 188
89 199
58 184
79 180
57 186
55 184
58 185
75 186
60 186
63 189
57 187
56 185
90 199
71 196
63 188
56 186
55 184
60 179
88 199
60 186
53 185
55 186
59 188
64 189
78 185
60 182
84 198
60 170
64 188
57 186
67 186
60 179
85 187
57 187
65 180
56 187
77 196
56 187
91 199
34 157
34 157
33 157
32 157
32 157
34 157
62 190
59 188
62 189
63 190
62 189
60 189
61 189
54 186
61 189
61 189
60 188
160 160
161 160
146 165
146 165
69 10
69 11
69 10
68 11
68 11
67 11
98 196
49 125
188 86
188 86
54 120
189 86
48 177
1 168
2 168
11 167
11 167
49 177
40 181
63 190
140 176
97 197
97 197
57 188
69 11
35 151
34 157
10 164
49 177
57 186
79 197
97 181
102 196
101 197
95 195
63 126
50 124
101 196
99 197
97 196
98 197
97 196
93 199
97 197
66 10
65 10
60 9
146 165
146 165
146 165
146 166
56 185
57 185
53 186
59 188
63 190
60 189
69 194
65 190
33 156
2 168
3 168
36 157
33 157
33 156
33 157
34 157
31 157
32 157
34 155
32 157
34 156
34 157
33 158
34 156
31 157
33 156
31 153
33 157
33 156
33 156
33 158
31 153
33 155
34 159
30 154
95 197
96 197
96 197
96 196
97 197
95 197
97 197
96 197
95 195
94 198
95 195
101 196
92 199
51 125
51 124
69 139
53 125
49 129
66 122
62 119
77 116
69 10
69 10
69 10
69 10
50 21
69 12
69 11
63 190
57 186
55 186
57 187
44 182
62 189
100 195
187 141
95 197
146 165
101 197
95 196
97 196
112 0
155 42
53 125
12 166
189 86
176 93
125 174
31 154
40 153
33 157
34 156
33 156
34 157
33 155
57 187
56 187
56 187
57 187
57 187
57 187
56 187
58 186
58 188
58 187
57 187
58 185
56 187
57 187
63 190
62 189
57 187
57 187
59 185
58 185
74 186
58 188
57 186
52 183
64 189
33 156
31 158
32 158
33 158
34 157
34 157
2 169
3 168
11 167
11 167
59 10
69 10
71 15
67 10
70 10
69 11
96 196
99 196
68 10
57 187
109 196
96 191
96 197
108 195
60 188
56 187
51 124
68 10
58 8
121 184
95 195
93 198
97 196
92 199
78 196
56 187
51 124
74 186
135 177
57 185
57 187
145 168
53 149
50 21
115 159
95 196
68 10
137 15
54 169
102 196
150 162
57 184
95 197
93 198
68 10
69 15
55 135
91 189
61 189
50 168
112 193
104 191
2 168
33 156
69 11
37 152
94 196
95 191
100 197
52 126
58 186
33 155
32 157
34 155
35 157
32 158
39 153
30 156
13 162
2 170
1 169
1 168
2 168
50 124
188 86
47 180
188 86
51 124
50 124
69 10
69 10
69 11
47 183
55 172
100 196
138 16
96 195
93 199
137 147
101 197
58 187
98 188
138 140
63 190
59 9
70 10
70 10
65 188
43 177
58 186
15 158
56 186
84 197
64 191
74 186
68 10
39 153
59 188
57 187
57 188
60 189
33 157
30 159
32 154
40 153
30 157
33 157
35 155
59 188
60 188
57 186
63 188
59 188
79 197
51 175
94 197
95 197
95 196
95 197
96 196
94 198
96 196
95 198
35 151
31 158
29 152
33 167
31 154
31 153
37 160
39 153
36 155
71 10
69 12
66 10
68 10
69 11
70 10
69 11
70 11
69 10
138 15
68 10
69 12
57 41
61 189
40 181
55 186
56 185
92 199
120 176
92 199
96 196
33 159
76 39
69 12
52 125
49 177
14 168
2 168
33 156
32 157
64 188
59 178
51 185
60 188
50 179
50 184
30 156
35 156
31 155
32 159
34 157
70 11
71 10
68 10
68 10
61 10
69 11
69 10
56 120
62 113
39 181
70 194
47 156
112 192
68 186
57 186
48 160
57 187
83 196
56 187
121 153
34 156
161 160
37 154
92 199
33 157
68 23
70 174
64 192
64 192
97 196
56 187
57 7
53 186
74 196
44 164
150 163
64 189
60 186
59 185
63 190
57 186
57 185
48 177
48 177
48 177
48 177
48 177
48 177
49 177
56 185
88 196
54 186
62 172
57 188
63 190
63 190
29 157
63 190
101 197
98 197
97 196
93 196
90 198
58 185
57 186
58 185
64 189
57 186
58 186
56 187
96 197
93 198
141 163
92 199
96 191
67 11
38 144
1 171
138 134
33 158
32 157
33 159
30 153
95 196
33 156
95 197
33 159
28 160
31 153
30 153
33 157
37 153
42 155
13 166
11 167
31 158
32 157
34 155
38 153
31 154
31 163
30 153
96 197
57 186
57 187
57 186
58 187
57 188
57 188
57 188
57 187
56 186
57 186
52 176
60 179
59 188
60 188
63 190
57 186
101 196
98 197
55 184
55 185
41 164
53 186
95 196
101 197
137 15
40 152
31 158
35 152
28 162
32 154
99 196
119 175
54 184
96 196
96 195
90 183
108 188
124 154
55 185
45 182
91 199
53 186
68 194
60 182
58 184
49 177
69 193
59 186
63 190
84 197
55 184
64 189
59 182
59 185
58 186
52 182
54 184
61 176
58 188
51 170
57 187
64 192
71 196
57 167
61 188
146 165
65 192
135 177
147 165
58 187
59 187
71 195
67 193
48 183
56 184
57 187
59 187
53 163
63 190
53 185
54 186
71 195
39 180
32 158
31 157
42 163
32 159
32 152
112 182
32 154
33 158
33 155
30 150
32 152
36 153
34 155
42 158
32 152
33 159
34 149
44 159
35 157
48 174
71 9
48 165
34 151
59 18
108 195
109 195
101 196
118 188
103 196
95 197
112 187
138 129
104 193
110 195
123 185
135 177
102 197
2 169
3 169
12 161
11 163
48 177
48 177
48 177
48 177
57 187
83 188
155 161
92 199
53 184
91 199
69 11
62 10
88 187
48 177
58 188
62 190
99 196
61 187
123 185
91 198
94 198
109 194
96 195
110 196
94 191
118 188
96 196
101 196
38 149
163 159
48 177
48 177
49 177
48 177
48 177
48 177
49 177
49 177
29 159
4 168
13 166
15 157
93 189
96 194
98 197
99 197
93 198
117 187
69 11
67 11
68 11
68 17
72 12
71 20
69 12
69 10
66 11
69 12
71 14
68 10
59 7
7 158
188 86
49 177
49 177
48 177
49 177
48 177
48 176
49 177
48 177
48 178
49 177
48 177
49 177
49 177
49 178
49 177
49 177
48 178
49 177
49 177
68 12
50 125
35 157
189 86
188 86
39 153
31 158
30 157
31 153
65 120
97 196
122 184
50 124
47 125
189 86
53 127
95 195
51 124
64 122
189 86
189 86
31 160
65 13
62 16
1 170
52 125
47 124
1 167
50 126
42 154
52 184
95 196
51 176
159 159
162 127
162 160
147 165
161 160
164 158
86 199
64 189
57 180
95 194
120 177
111 191
160 158
64 126
60 12
60 179
101 196
96 194
66 10
96 194
161 160
3 168
10 168
15 158
33 157
34 156
31 163
34 158
34 155
39 155
28 161
81 197
146 165
161 160
162 160
142 173
42 165
51 120
51 124
9 159
33 156
96 197
96 196
70 10
76 190
68 10
52 124
38 162
59 177
50 126
34 158
188 86
124 158
101 182
47 172
82 187
55 187
58 187
42 163
46 166
52 164
49 168
63 190
56 185
62 190
49 169
102 197
104 195
63 190
54 184
47 167
49 168
33 158
54 184
161 160
2 167
2 169
2 170
10 167
10 166
8 173
31 154
103 163
92 199
96 192
93 191
47 123
70 11
80 197
96 191
57 187
52 183
59 187
188 86
51 124
45 154
110 196
161 161
97 197
146 166
50 125
52 185
95 197
64 190
161 160
76 185
140 175
68 11
51 124
91 199
48 184
93 199
48 177
33 156
57 188
68 10
52 127
135 176
33 156
30 139
93 151
33 155
40 153
55 134
30 155
68 183
98 196
50 141
140 176
54 186
94 197
57 187
190 115
55 142
77 196
33 156
31 167
53 186
36 160
56 29
34 163
58 185
73 185
51 124
63 17
154 42
187 96
47 125
33 169
77 196
45 152
56 185
49 179
33 155
42 164
63 190
48 173
48 143
55 142
88 197
69 11
82 188
30 164
33 156
71 195
51 124
55 142
3 168
97 197
51 124
93 199
76 39
95 195
43 170
188 86
34 154
53 186
71 175
55 12
93 198
62 11
42 157
100 197
77 197
52 181
66 10
49 178
189 86
46 151
90 196
137 152
14 172
108 195
30 144
70 10
13 162
76 39
28 146
55 131
50 119
42 135
49 177
59 187
163 159
95 196
84 197
188 86
188 86
30 157
110 196
60 188
110 196
37 135
58 187
96 197
32 158
58 186
60 188
52 182
60 188
57 187
58 187
104 194
36 159
49 137
98 195
58 185
96 197
39 154
98 194
38 156
40 167
31 153
40 149
62 190
10 168
59 185
51 125
51 125
51 125
51 125
2 168
69 10
51 124
57 188
33 156
96 197
97 197
64 189
69 11
57 187
54 179
58 188
101 195
2 168
69 11
69 11
69 10
57 188
57 186
58 186
69 11
57 188
100 193
56 186
67 179
33 156
88 200
57 187
57 187
71 168
44 165
33 154
41 174
69 191
40 152
62 10
96 196
33 158
34 156
33 156
72 9
30 139
50 124
33 156
57 188
54 123
152 149
96 197
33 156
33 156
33 156
57 187
75 173
57 188
33 156
33 158
33 157
55 134
96 197
95 197
33 157
51 124
33 156
48 177
90 191
69 11
57 188
93 199
33 156
33 156
51 124
33 157
92 199
88 199
57 187
103 191
33 156
36 149
33 156
51 124
78 195
65 179
66 179
96 197
57 188
96 197
36 148
57 188
97 197
80 161
29 158
84 198
96 196
58 186
33 157
51 124
33 156
57 187
62 189
171 151
29 151
33 155
68 10
33 156
51 124
54 186
57 187
58 186
87 192
3 167
34 157
34 159
70 14
32 158
98 197
33 156
59 185
33 158
64 191
57 186
63 189
59 185
57 187
95 198
101 197
60 188
126 20
95 2
92 198
96 197
96 197
108 195
93 198
96 191
29 161
69 10
69 11
75 196
44 166
56 185
97 197
72 9
48 177
70 180
121 184
68 10
188 85
94 197
33 156
51 124
69 11
69 11
186 87
95 196
61 189
50 124
57 188
121 183
57 187
63 190
54 186
103 196
55 162
58 186
54 162
55 185
69 194
89 199
3 169
50 124
94 198
96 191
3 168
30 149
39 153
67 10
50 124
189 86
50 124
57 187
33 156
13 161
188 86
53 183
45 182
46 183
44 182
60 181
44 182
32 161
58 187
58 187
139 174
132 175
57 186
52 124
34 158
57 187
49 177
49 177
51 125
33 156
69 11
57 188
89 191
56 130
57 124
96 197
55 143
57 188
68 11
57 188
49 177
66 184
57 187
57 187
51 124
51 124
97 197
57 188
31 157
33 156
33 157
57 187
57 187
69 11
58 185
57 187
50 178
94 198
57 187
57 186
96 197
57 187
49 177
33 156
31 150
33 156
58 188
49 177
33 157
69 10
50 124
102 197
57 187
49 177
93 198
70 10
65 192
57 187
33 156
52 177
58 187
34 156
65 179
146 165
39 152
41 157
57 188
57 188
69 11
96 196
57 188
48 177
38 133
33 156
96 191
49 177
57 187
33 156
33 156
69 10
97 196
95 197
96 197
96 197
39 153
45 143
57 188
31 153
33 157
96 197
57 187
57 187
32 157
57 188
34 155
35 156
57 187
57 187
33 156
34 156
96 197
96 197
95 191
58 187
108 195
97 196
88 187
33 156
69 10
96 196
57 188
57 188
57 188
74 186
69 11
34 151
33 158
2 167
59 188
33 157
58 186
41 165
96 197
33 157
33 156
88 199
113 194
33 156
2 168
56 185
57 188
58 187
33 156
57 187
96 197
58 187
58 187
33 156
69 10
96 196
37 159
73 23
57 188
57 188
57 186
58 187
97 196
37 141
96 197
33 158
57 188
33 158
57 188
65 179
57 188
93 198
33 156
96 197
57 187
33 156
57 187
49 177
135 177
57 188
32 157
57 188
97 196
121 30
33 156
69 10
57 188
57 188
33 156
57 187
96 197
69 11
69 11
57 188
57 188
48 177
33 157
69 10
58 188
33 157
57 188
33 156
96 198
33 156
57 187
97 197
64 189
58 186
57 187
57 187
57 188
58 186
33 156
33 156
58 187
57 187
33 156
58 188
33 156
33 157
138 17
120 172
57 188
33 156
33 156
48 177
51 173
32 157
78 179
97 196
57 188
60 189
69 11
51 124
33 156
58 188
58 187
33 156
57 188
33 156
13 163
96 196
96 191
32 157
30 155
33 156
96 197
57 187
58 187
57 186
33 155
33 156
58 187
57 188
96 197
33 156
51 124
58 188
33 158
72 196
34 156
58 187
33 156
51 124
58 186
57 188
58 186
101 197
33 156
57 187
113 194
51 124
57 187
96 197
97 197
59 186
96 197
95 196
93 199
30 156
57 188
74 195
38 149
31 165
68 12
37 151
33 156
68 11
57 187
33 156
33 157
31 153
69 11
51 124
62 189
64 17
184 144
58 187
33 156
61 177
51 124
96 197
51 184
32 158
62 189
53 183
10 168
32 157
57 188
34 156
188 86
35 170
58 187
69 10
58 187
32 157
57 187
57 187
57 188
33 156
96 196
56 187
69 10
57 187
96 196
57 187
50 185
96 197
57 187
33 156
35 157
33 156
33 156
69 15
51 124
58 187
96 197
58 187
95 197
34 156
96 197
32 157
58 186
31 153
57 188
69 10
60 177
50 124
33 156
33 158
51 124
57 188
57 187
69 11
57 188
33 156
96 191
51 124
57 188
69 11
97 197
32 157
57 188
33 157
33 156
58 187
104 191
103 190
33 156
31 153
57 187
49 177
54 123
69 11
97 197
57 187
95 197
96 197
42 156
96 191
188 86
33 156
57 187
33 156
33 156
58 187
33 157
33 157
33 156
57 187
70 10
57 187
56 185
103 163
58 187
96 197
57 188
57 187
50 124
69 10
63 190
58 181
49 177
57 188
33 156
158 161
57 187
75 190
112 194
57 187
62 189
52 125
31 153
92 196
57 188
57 188
70 11
32 170
57 188
31 161
105 196
70 10
57 186
96 197
57 188
57 187
33 159
34 156
38 150
103 195
66 190
52 182
52 184
146 165
69 139
30 157
95 198
57 188
30 164
29 159
49 177
101 196
93 195
42 134
51 124
32 159
101 197
57 187
57 187
36 153
54 175
92 192
84 184
58 187
58 188
110 193
58 188
58 188
32 159
122 184
58 187
34 150
58 184
68 194
64 190
89 198
74 197
35 150
41 158
48 177
55 126
69 11
13 163
33 171
95 195
33 156
57 187
33 157
34 156
58 187
188 86
57 187
57 188
61 189
96 192
134 176
57 187
152 149
74 123
54 166
121 184
115 129
60 126
70 185
59 123
30 157
136 103
58 120
158 158
87 199
49 173
33 169
56 123
49 125
157 99
2 168
74 196
40 165
39 164
12 163
97 191
66 189
35 153
65 15
166 113
55 121
34 157
36 152
36 136
90 9
51 17
167 158
67 20
88 194
66 11
53 180
33 170
30 160
57 188
33 156
33 156
61 189
57 187
164 158
33 157
69 22
79 197
57 175
80 197
67 11
51 125
50 124
33 156
93 198
59 185
32 165
30 165
41 143
30 141
30 144
28 159
30 162
30 164
31 165
34 142
33 166
57 188
29 160
96 197
54 125
34 157
39 145
69 10
69 10
58 186
153 146
73 195
37 154
78 190
34 151
51 125
51 124
33 157
55 185
59 185
51 124
60 9
93 198
33 156
33 156
68 194
58 187
30 143
30 146
30 143
32 165
31 142
89 199
33 156
50 124
52 125
118 188
89 199
103 197
51 125
32 158
33 156
58 187
63 175
88 198
104 195
96 195
55 181
97 199
74 183
54 184
96 194
91 198
46 159
51 125
27 150
31 153
74 18
57 187
57 187
33 156
33 169
42 165
34 157
7 172
34 157
116 191
154 42
37 152
71 17
108 195
69 10
69 10
51 124
53 124
58 185
83 196
34 156
103 197
57 188
57 188
57 187
136 176
95 191
97 191
95 191
35 151
11 167
59 188
91 198
12 167
38 151
40 152
51 125
97 196
43 182
44 176
51 126
35 131
54 12
74 40
35 132
45 159
55 131
39 181
3 166
57 187
36 156
102 24
54 19
30 143
29 157
44 163
54 123
32 155
91 198
64 12
32 155
68 10
48 177
49 177
69 10
49 177
51 124
33 156
49 177
30 155
93 199
96 197
92 199
45 172
69 123
33 156
130 5
57 186
96 197
101 193
57 187
58 187
58 187
59 179
58 187
146 165
147 166
161 160
160 160
146 166
130 2
153 59
65 176
122 183
122 186
118 188
134 176
135 177
103 195
161 160
33 156
33 156
95 191
31 153
57 187
57 188
41 161
56 186
30 155
101 197
99 194
84 198
97 196
71 10
69 10
0 167
98 198
99 198
48 177
33 160
35 151
35 150
35 148
35 151
35 151
32 148
36 150
31 163
31 162
56 186
96 191
57 187
51 124
57 187
48 177
51 124
51 124
119 101
188 86
99 195
96 195
92 199
156 137
153 70
50 185
99 196
100 194
123 185
61 163
94 198
34 156
57 187
57 187
69 11
1 168
12 163
58 187
48 177
61 177
57 188
58 186
33 157
56 135
187 87
53 126
49 177
33 157
188 86
73 178
49 177
69 11
33 156
57 187
50 177
96 197
95 195
32 157
57 188
96 197
188 86
189 86
188 85
33 156
33 157
11 167
96 197
69 10
51 124
50 124
69 11
33 157
33 157
33 157
33 157
52 185
31 161
58 183
58 185
106 197
69 10
69 10
33 156
48 177
57 188
57 188
97 197
49 177
57 188
96 197
69 11
57 188
96 197
69 11
33 156
57 188
32 157
48 177
62 190
96 198
83 187
101 197
136 177
146 165
93 198
75 197
56 186
42 176
70 193
68 186
40 153
31 154
53 179
34 154
38 157
13 163
5 167
12 164
14 159
53 124
49 124
58 114
61 10
101 197
53 145
68 11
100 197
35 151
58 188
57 187
57 188
34 155
54 186
33 156
51 127
28 163
29 165
43 142
57 125
59 126
57 126
56 127
41 158
44 156
30 143
36 150
30 164
70 13
108 193
37 162
33 150
31 157
32 167
54 181
67 194
69 194
63 188
39 178
104 194
76 196
100 192
91 199
33 140
96 194
101 191
55 7
35 146
45 141
31 153
191 109
32 157
48 168
58 186
57 186
48 177
41 165
58 187
51 124
93 199
69 10
32 157
96 197
33 156
57 187
49 177
33 156
97 196
33 157
58 187
68 10
49 177
161 160
57 187
33 156
93 198
57 187
48 177
48 177
68 10
34 156
48 177
96 197
96 197
58 187
33 156
58 188
57 187
96 197
33 157
58 188
49 177
33 156
51 169
33 156
34 157
49 177
57 187
57 188
43 156
33 156
57 187
33 156
33 156
33 156
58 187
51 124
96 197
33 156
34 157
40 151
28 164
33 156
58 187
58 187
96 196
33 156
57 187
48 177
96 197
33 156
58 187
58 187
52 125
69 11
58 187
33 158
69 11
162 160
48 177
67 168
33 157
58 186
33 157
135 177
33 156
33 156
57 188
57 187
33 157
33 157
57 188
69 10
58 187
58 187
57 187
96 197
51 124
124 131
57 187
51 124
55 162
104 195
98 196
58 184
90 194
57 187
57 188
57 188
58 188
58 187
57 188
93 198
69 10
67 10
57 188
57 187
49 177
55 162
33 157
54 186
57 188
54 186
33 156
48 177
33 156
57 188
69 10
33 156
52 125
57 188
161 160
57 186
57 187
57 188
50 21
58 187
97 197
58 186
57 188
50 120
72 195
101 197
57 188
118 188
47 122
33 156
57 188
54 186
57 188
120 158
33 156
54 181
58 187
58 187
32 157
70 175
57 188
32 157
49 177
33 156
32 153
69 12
61 189
33 156
57 187
58 187
33 156
33 156
66 10
60 16
58 19
65 9
84 13
33 156
69 11
103 196
146 165
33 157
58 187
1 168
61 188
31 163
57 188
52 126
30 163
103 196
48 177
33 157
96 197
57 188
57 188
32 157
57 187
33 156
57 187
58 187
58 187
69 10
49 177
41 154
57 187
93 199
103 197
78 128
54 184
56 185
188 86
31 164
147 166
96 197
30 144
28 159
93 198
69 10
58 187
57 188
45 159
29 161
100 197
3 168
13 161
83 196
47 172
40 153
41 173
96 196
0 167
33 158
58 187
69 10
58 187
33 157
57 188
33 156
161 160
48 177
51 125
57 188
51 124
54 186
96 196
57 187
33 158
75 189
161 160
38 140
69 10
58 187
33 157
78 197
121 184
93 199
51 124
33 156
57 187
57 187
51 124
35 152
95 196
63 190
34 156
96 197
96 197
33 157
56 186
57 188
33 157
63 190
56 141
48 177
57 187
32 157
96 197
50 124
58 187
57 188
60 187
33 156
59 186
64 189
57 188
59 185
58 187
96 197
2 169
52 180
51 124
69 11
33 157
37 152
57 187
33 156
48 177
98 192
33 157
33 156
69 10
69 10
57 187
43 177
69 11
49 177
57 188
33 156
69 11
33 156
33 156
33 157
57 187
80 187
33 155
68 10
58 187
57 187
33 156
35 153
51 124
69 11
57 188
96 197
58 187
57 187
69 11
48 177
69 10
161 160
48 177
57 187
32 157
96 197
33 158
57 187
50 124
31 157
69 10
29 150
58 188
31 157
48 177
96 197
48 177
58 187
49 177
48 177
60 188
96 197
93 199
51 124
54 7
58 187
36 151
58 187
89 198
69 10
33 156
33 156
33 157
69 11
51 124
57 188
57 187
69 10
63 190
68 10
33 156
69 10
61 189
57 188
58 187
57 187
33 156
33 157
33 157
58 188
33 157
72 196
69 10
68 10
105 194
33 157
69 10
5 167
43 166
33 157
33 156
96 197
57 187
57 188
72 195
69 11
54 186
70 10
58 187
34 157
161 160
33 156
69 10
69 10
69 11
33 156
48 177
146 165
30 156
111 194
69 11
31 157
57 188
69 10
100 35
57 188
57 188
57 187
58 188
69 10
58 186
32 157
158 158
161 160
35 151
33 156
69 10
57 186
49 177
57 187
65 10
51 124
58 187
51 125
34 156
69 11
76 39
58 187
32 157
69 10
33 156
51 124
33 157
96 197
58 187
34 157
57 187
33 156
96 196
58 187
44 148
45 160
58 188
2 168
40 153
40 153
57 188
95 198
57 187
89 176
57 188
83 191
57 187
58 187
32 155
96 197
54 186
33 157
33 157
159 159
33 156
51 124
33 157
93 199
57 187
69 11
33 156
95 197
2 168
57 187
51 124
51 124
51 125
44 166
33 156
57 187
57 188
97 197
57 188
58 187
69 11
57 187
36 154
57 188
33 156
33 157
33 156
58 188
96 197
33 156
96 197
68 11
58 187
51 124
51 124
97 197
68 11
54 186
57 188
58 187
57 187
31 157
57 188
57 188
33 157
69 10
34 150
33 156
51 124
49 177
57 187
67 10
48 177
69 10
58 187
57 188
57 187
49 177
33 157
33 156
51 124
64 190
96 197
49 177
50 124
69 10
58 187
33 158
51 124
57 187
57 187
48 177
96 197
48 177
57 187
69 11
57 187
96 196
58 188
57 187
51 124
49 177
57 187
51 124
96 196
32 156
37 153
57 187
48 177
57 187
33 156
57 188
96 197
96 197
69 11
79 192
55 142
50 125
69 11
69 11
51 124
33 157
33 156
50 125
58 187
32 147
96 198
39 153
58 187
33 157
34 156
57 187
51 124
58 187
96 197
69 10
48 177
58 187
88 197
58 187
57 188
58 187
93 198
58 187
59 187
33 156
2 168
50 128
56 187
50 124
69 10
96 197
58 187
58 188
33 157
31 161
33 157
58 187
58 187
96 197
2 168
57 187
57 187
51 124
33 156
97 196
57 188
33 156
33 156
33 158
33 157
188 86
57 188
57 187
33 135
57 187
33 156
69 10
96 197
57 187
33 157
160 160
51 124
32 158
67 193
55 142
58 187
43 154
57 187
49 177
2 168
50 124
58 187
51 125
57 186
33 157
48 177
33 156
57 188
95 197
58 185
51 124
58 188
33 156
69 11
33 157
103 175
30 156
58 187
58 184
33 158
57 188
95 197
42 165
57 187
33 157
31 157
33 156
51 125
58 187
58 186
102 171
52 127
33 156
50 124
95 197
146 165
57 188
58 187
32 157
93 199
135 177
33 156
68 11
96 197
33 157
57 187
31 163
96 197
140 175
58 187
57 187
58 187
31 153
33 158
11 167
95 197
58 186
32 157
69 11
32 157
58 185
51 124
161 160
33 156
58 187
56 187
11 167
97 197
33 157
57 188
30 144
33 157
42 142
96 197
56 187
2 168
97 197
102 197
50 124
93 199
58 187
33 156
58 187
57 188
69 10
94 198
56 185
49 125
89 199
96 197
58 185
97 197
58 188
51 125
57 187
95 196
96 197
96 196
96 197
33 156
33 156
33 156
69 10
33 156
69 11
41 163
33 156
33 156
58 187
57 187
33 156
33 156
58 187
57 187
58 187
33 156
58 187
32 158
33 156
51 125
31 157
57 187
95 198
58 187
57 187
33 156
33 156
56 187
33 157
33 160
32 157
57 188
69 11
57 187
57 187
57 188
33 157
58 187
33 156
49 177
33 157
49 177
57 187
58 187
57 188
158 159
58 188
96 197
58 188
68 10
58 186
32 157
27 161
57 188
38 160
69 10
57 12
33 157
33 156
69 11
33 156
48 177
33 157
58 187
96 196
33 157
33 156
33 156
32 158
51 124
96 197
33 156
97 197
58 186
57 187
57 187
57 188
57 187
33 156
34 156
31 159
57 188
70 15
57 187
33 156
58 187
69 11
70 10
58 187
97 196
54 121
58 188
33 156
57 188
69 11
97 196
57 188
68 10
57 188
57 187
95 196
69 11
33 157
57 188
69 10
2 168
188 86
57 187
48 177
2 167
96 197
57 187
33 156
64 189
58 187
58 187
32 157
50 170
97 196
58 187
33 157
33 156
33 157
96 197
33 156
33 156
69 11
33 158
58 188
68 10
56 185
57 188
33 157
58 185
50 124
101 197
50 124
32 139
51 124
50 124
70 10
118 188
33 156
57 180
33 156
58 187
60 189
58 185
57 187
69 11
58 187
40 144
69 11
34 157
188 85
58 187
12 167
57 187
93 199
33 156
69 10
32 157
40 153
57 188
55 142
57 187
48 177
57 186
54 186
50 177
33 156
44 175
96 197
51 124
96 197
93 199
69 10
58 187
48 177
69 11
96 197
42 164
58 186
34 156
63 190
96 197
60 189
33 158
71 11
33 157
96 197
34 156
33 156
57 187
56 185
60 171
33 156
96 197
58 187
58 187
188 86
60 9
68 11
49 124
33 156
33 156
57 187
95 197
31 157
96 197
51 125
33 156
58 188
135 177
58 187
34 156
43 177
96 197
69 11
58 186
57 187
97 196
32 157
96 197
58 188
58 187
57 187
33 156
96 197
33 156
33 156
57 188
58 187
69 11
93 199
51 124
102 196
70 10
33 157
95 197
56 187
96 197
33 156
96 197
69 10
58 187
33 157
58 188
57 187
58 186
33 156
146 165
56 185
40 153
30 161
30 148
69 11
48 177
51 124
57 187
33 158
57 187
57 187
51 124
96 197
56 186
57 188
56 187
33 157
57 187
57 187
57 188
57 187
57 187
50 124
33 158
48 180
49 177
48 177
2 168
96 197
58 185
51 125
57 188
68 11
33 156
33 156
57 187
56 185
57 188
69 10
163 85
57 187
33 157
58 188
57 188
30 164
57 188
57 187
50 185
49 177
32 163
57 187
58 187
97 197
48 177
65 189
79 180
69 10
69 11
57 187
33 156
57 187
93 199
58 187
90 198
88 187
58 187
58 187
98 185
78 190
96 197
52 124
57 188
38 177
47 177
30 160
57 187
58 187
33 156
58 188
57 187
58 187
57 187
121 184
97 184
69 11
69 11
33 156
97 197
31 153
62 190
33 157
69 11
83 196
57 188
44 157
41 151
58 187
113 193
57 188
57 188
57 188
102 197
69 11
35 151
55 142
69 181
68 193
55 133
32 141
13 168
57 188
47 179
57 188
95 190
45 160
54 186
64 190
11 167
135 175
69 10
33 156
33 156
46 121
135 177
96 197
30 156
96 197
33 157
2 168
54 186
93 198
33 156
31 153
33 156
53 156
33 157
58 187
96 197
96 197
96 196
57 187
58 186
54 186
57 187
57 187
69 10
96 197
20 151
32 158
96 197
57 188
40 153
97 197
57 187
57 188
96 197
33 156
95 195
51 125
32 157
57 188
96 197
69 11
93 198
49 177
33 156
33 157
34 157
49 177
33 156
33 156
94 198
32 158
96 197
40 153
55 184
57 187
35 151
33 156
32 157
91 199
57 187
31 153
178 82
59 185
36 136
33 156
69 10
96 197
60 189
96 197
57 188
48 177
96 197
57 186
30 163
69 11
82 191
51 125
57 114
134 176
54 186
58 187
40 157
56 185
57 188
74 15
85 195
12 168
69 10
32 157
49 177
69 10
146 166
38 161
0 168
60 177
62 175
74 195
63 189
59 173
76 40
74 12
96 190
56 187
63 190
30 155
56 186
57 188
57 188
188 86
