50
96 9
79 126
19 178
76 72
148 108
24 174
129 174
145 182
121 39
72 69
69 145
156 182
163 29
113 124
89 167
158 184
128 189
61 146
166 136
170 113
44 193
86 124
118 182
57 39
21 128
59 89
24 166
22 138
194 134
61 83
101 171
18 28
159 79
125 124
166 46
188 161
38 73
36 108
55 93
146 27
172 4
115 148
121 88
85 114
22 98
148 122
68 118
101 178
196 177
53 113
2 15 533 1 16 70 1
7 1505 1678 0 11 6 2
7 1517 1624 0 170 149 3
7 1833 1975 0 163 177 4
8 190 1890 0 77 69 5
10 459 1110 1 140 48 6
13 1509 1708 0 60 108 7
14 234 414 1 97 76 8
19 82 836 1 67 173 9
19 808 1019 0 22 41 10
22 78 941 1 111 90 11
26 269 1352 1 11 127 12
28 653 1770 1 12 189 13
47 64 161 1 18 42 14
49 2 145 1 132 17 15
49 245 1639 1 135 166 16
51 1772 1935 0 104 128 17
52 1598 1812 1 185 157 18
54 46 1395 1 144 100 19
54 1164 1498 1 124 124 20
63 333 576 0 32 198 21
68 22 99 1 116 166 22
83 314 784 0 70 166 23
92 15 164 1 155 61 24
94 366 604 1 135 122 25
95 129 374 1 62 77 26
95 826 1039 0 170 67 27
98 55 1422 1 121 104 28
98 98 1317 1 14 54 29
98 734 1542 1 77 139 30
109 38 566 1 191 130 31
109 103 269 1 117 96 32
115 1106 1922 1 31 126 33
117 133 1040 1 48 50 34
125 255 1445 1 72 81 35
126 386 843 1 97 38 36
134 22 315 0 166 4 37
134 76 363 1 133 151 38
135 404 1538 1 130 175 39
139 698 1544 1 8 53 40
140 110 898 0 72 47 41
140 286 470 1 4 186 42
143 18 791 1 138 37 43
159 78 256 1 21 118 44
159 1578 1917 1 169 132 45
161 285 758 1 193 135 46
164 366 1553 0 163 32 47
166 2 190 1 121 60 48
169 17 278 1 143 136 49
175 206 506 1 24 92 50
175 250 476 1 171 179 51
175 274 1568 0 162 44 52
180 281 696 0 42 26 53
184 96 1973 1 85 44 54
187 584 1733 1 85 58 55
195 17 1110 0 42 92 56
196 1514 1848 0 147 156 57
200 256 662 1 90 72 58
205 766 1467 1 185 14 59
210 98 553 0 140 112 60
210 151 509 1 53 94 61
211 122 367 1 69 193 62
215 134 371 1 51 27 63
224 29 816 1 198 79 64
225 233 1653 1 6 4 65
228 233 1265 0 147 15 66
229 1572 1896 1 80 87 67
230 3 274 1 19 134 68
250 38 538 0 168 68 69
256 1284 1944 1 97 132 70
268 536 1185 0 69 79 71
278 85 761 1 5 131 72
278 580 1472 1 108 30 73
279 118 628 1 102 124 74
280 94 761 0 27 132 75
280 115 1636 1 46 150 76
281 296 1184 0 193 180 77
282 1052 1558 1 90 95 78
283 1044 1712 0 154 125 79
287 303 1302 1 91 178 80
289 541 1197 0 186 103 81
290 411 1922 0 59 153 82
295 179 508 1 164 171 83
299 213 737 1 148 92 84
299 560 1344 0 88 49 85
303 351 712 1 48 92 86
305 83 1894 1 157 162 87
308 222 1953 1 94 18 88
312 1018 1920 1 5 179 89
317 1287 1764 1 170 14 90
320 680 1214 0 104 177 91
332 7 396 1 96 88 92
338 74 496 0 143 146 93
338 420 1215 0 96 177 94
339 925 1661 1 130 180 95
340 373 1359 1 90 192 96
343 65 490 1 123 78 97
346 683 1122 1 169 74 98
347 103 1797 1 128 54 99
348 14 507 0 197 137 100
352 644 1530 0 177 11 101
363 112 530 1 37 48 102
363 214 693 1 68 128 103
364 190 708 0 37 33 104
375 475 1670 1 59 35 105
377 192 951 0 172 26 106
380 133 1111 0 194 22 107
385 57 1295 0 117 181 108
385 252 875 1 185 166 109
392 157 1771 1 64 145 110
396 764 1641 0 37 40 111
406 256 797 1 154 153 112
413 730 1496 0 191 131 113
414 27 825 1 8 98 114
422 455 1404 1 80 28 115
422 915 1780 0 184 151 116
426 580 1284 0 29 16 117
431 145 685 1 178 136 118
436 211 759 0 55 155 119
437 27 773 0 150 8 120
438 1 447 1 135 2 121
444 519 1145 1 40 21 122
452 217 1260 1 109 117 123
455 365 891 1 154 103 124
456 49 814 1 137 101 125
465 849 1785 1 62 59 126
469 13 487 0 80 38 127
469 350 1485 0 178 55 128
473 186 808 0 16 29 129
482 56 838 0 5 42 130
482 450 1684 1 39 167 131
488 103 936 1 28 171 132
489 84 1161 1 74 168 133
490 252 1147 0 100 73 134
494 483 1360 0 117 94 135
495 99 974 1 31 144 136
500 631 1244 1 20 101 137
516 286 1226 1 114 183 138
520 128 674 1 192 6 139
523 858 1929 0 116 46 140
526 776 1580 1 169 97 141
530 295 1416 1 85 14 142
533 59 712 1 128 12 143
539 536 1276 1 141 93 144
543 177 989 1 21 190 145
547 193 952 1 100 78 146
551 76 666 0 138 56 147
555 73 1033 1 150 174 148
561 113 937 1 182 142 149
564 26 637 1 199 185 150
565 31 604 1 187 21 151
566 438 1068 1 161 180 152
569 511 1423 0 144 95 153
574 42 793 1 69 7 154
579 1155 1851 1 192 72 155
582 406 1052 0 1 46 156
583 22 624 1 125 123 157
596 120 1952 1 173 188 158
601 7 614 1 30 62 159
611 648 1378 1 1 136 160
621 4 972 0 158 128 161
624 1 633 1 140 50 162
633 256 1276 1 89 150 163
634 194 1289 1 62 89 164
637 164 873 1 19 54 165
642 846 1822 1 116 52 166
643 775 1621 1 152 117 167
644 28 1280 1 78 26 168
650 299 1004 0 158 46 169
657 110 1409 1 176 12 170
660 437 1161 0 179 105 171
663 108 781 1 180 83 172
664 34 897 1 168 168 173
667 626 1546 1 153 75 174
672 644 1778 0 38 200 175
676 288 1184 1 147 65 176
685 58 907 0 89 137 177
689 111 1699 1 3 196 178
695 510 1301 1 72 99 179
696 425 1588 1 82 14 180
700 773 1930 1 121 21 181
701 39 755 0 18 90 182
705 417 1252 1 50 119 183
708 105 838 1 105 120 184
710 112 1000 1 190 56 185
717 385 1753 0 162 50 186
724 348 1392 1 68 93 187
726 908 1807 0 197 52 188
729 24 883 0 15 132 189
733 403 1567 1 149 160 190
735 833 1780 1 6 45 191
739 242 1907 0 129 145 192
748 56 862 1 145 73 193
750 80 1375 1 148 10 194
750 458 1482 1 48 143 195
753 276 1666 0 31 97 196
758 424 1237 1 63 178 197
766 91 951 0 79 21 198
767 87 912 1 17 189 199
777 112 1801 1 169 105 200
780 246 1205 1 144 56 201
784 156 1081 0 124 67 202
804 521 1428 1 54 66 203
808 454 1404 1 144 29 204
810 288 1397 1 161 175 205
811 207 1219 1 65 170 206
812 132 1120 0 192 113 207
814 64 1237 0 2 85 208
815 412 1806 1 152 89 209
820 198 1455 0 130 184 210
829 91 994 1 181 49 211
836 8 894 1 107 198 212
837 545 1581 1 178 23 213
841 148 1548 1 61 173 214
845 248 1193 0 118 70 215
852 86 1293 1 88 123 216
854 28 990 1 124 145 217
856 59 1530 0 156 186 218
864 319 1540 0 52 80 219
872 533 1606 1 163 186 220
873 8 888 0 104 39 221
873 26 981 1 20 58 222
877 133 1845 1 16 73 223
879 158 1088 1 193 125 224
883 172 1343 0 144 1 225
888 221 1728 1 144 125 226
899 69 1129 1 92 198 227
899 772 1817 1 81 80 228
904 265 1243 1 8 3 229
909 501 1603 0 154 81 230
910 39 1025 1 49 177 231
911 10 1781 1 172 54 232
916 272 1635 1 175 200 233
919 85 1041 0 161 73 234
923 79 1377 0 89 72 235
926 326 1444 1 174 28 236
933 607 1832 1 160 179 237
933 654 1935 1 149 189 238
935 376 1694 1 45 88 239
936 31 1410 1 30 192 240
951 18 1016 1 65 200 241
955 229 1414 0 8 68 242
955 765 1877 0 83 40 243
956 91 1307 1 131 21 244
957 11 983 0 88 146 245
963 513 1645 0 32 185 246
966 349 1805 1 123 174 247
969 80 1462 0 116 23 248
972 474 1871 1 183 117 249
973 73 1072 1 85 145 250
988 7 1278 1 177 109 251
993 98 1455 1 120 48 252
995 149 1319 1 127 23 253
999 117 1260 1 155 73 254
999 354 1445 1 188 184 255
1003 119 1258 1 137 89 256
1010 305 1393 1 133 130 257
1014 630 1895 1 179 105 258
1015 138 1182 1 97 79 259
1018 350 1840 1 104 89 260
1019 173 1345 1 93 5 261
1026 433 1690 1 31 164 262
1038 388 1585 1 152 151 263
1040 112 1992 1 108 155 264
1043 165 1357 0 134 151 265
1046 792 1914 1 17 14 266
1062 19 1198 0 118 134 267
1068 62 1919 1 115 23 268
1071 191 1369 0 152 123 269
1077 303 1846 0 130 100 270
1078 7 1230 0 53 67 271
1079 236 1341 1 185 29 272
1082 163 1637 1 164 37 273
1083 74 1550 0 43 127 274
1086 133 1276 0 143 48 275
1098 547 1885 1 196 117 276
1103 198 1391 1 45 65 277
1108 75 1591 0 94 178 278
1113 1 1132 1 35 184 279
1113 669 1956 0 109 135 280
1114 397 1770 1 30 142 281
1117 16 1189 1 120 184 282
1123 413 1661 1 60 195 283
1127 20 1214 1 4 36 284
1133 40 1202 1 160 60 285
1133 381 1727 0 64 168 286
1135 179 1660 1 159 145 287
1135 240 1495 1 100 32 288
1137 172 1793 1 133 135 289
1137 269 1717 1 183 147 290
1146 47 1208 1 178 136 291
1148 169 1732 1 176 48 292
1159 14 1182 0 87 7 293
1163 80 1477 0 89 20 294
1165 423 1698 1 120 79 295
1167 467 1757 1 12 136 296
1174 8 1190 1 162 156 297
1177 6 1270 1 96 19 298
1177 70 1274 0 87 84 299
1180 247 1536 1 104 117 300
1185 212 1579 0 165 102 301
1188 291 1897 1 33 92 302
1189 15 1248 1 93 30 303
1201 287 1514 1 115 175 304
1203 277 1858 0 42 93 305
1206 69 1293 1 123 182 306
1210 86 1515 0 67 48 307
1214 3 1290 0 80 96 308
1223 37 1403 1 41 138 309
1226 72 1611 0 52 32 310
1226 133 1549 1 147 20 311
1227 122 1591 0 70 126 312
1233 70 1643 0 173 20 313
1236 136 1521 1 110 128 314
1237 5 1247 1 100 191 315
1237 167 1970 0 10 103 316
1240 24 1445 1 114 129 317
1248 153 1475 1 13 171 318
1263 41 1999 1 133 40 319
1265 82 1511 1 22 187 320
1265 280 1750 0 98 156 321
1266 298 1887 1 34 85 322
1267 7 1318 0 12 12 323
1268 158 1451 0 32 98 324
1269 217 1517 1 90 115 325
1275 286 1771 1 127 37 326
1279 62 1433 1 77 122 327
1292 29 1344 1 150 141 328
1299 257 1920 1 6 48 329
1301 116 1523 0 109 143 330
1315 6 1645 1 68 93 331
1315 153 1499 0 34 81 332
1322 196 1957 1 193 152 333
1326 6 1357 1 130 62 334
1329 45 1516 1 172 140 335
1330 102 1960 1 67 134 336
1332 106 1794 0 147 162 337
1349 340 1796 0 36 26 338
1354 22 1873 1 173 9 339
1361 234 1836 1 160 6 340
1362 9 1388 1 183 178 341
1378 84 1754 0 87 116 342
1384 113 1724 1 77 27 343
1384 133 1898 0 109 12 344
1388 166 1874 0 82 79 345
1399 100 1615 1 33 87 346
1402 86 1628 1 58 10 347
1409 188 1749 1 131 124 348
1411 199 1802 0 137 47 349
1428 102 1548 1 103 102 350
1436 45 1517 0 40 74 351
1437 100 1622 1 89 136 352
1442 151 1710 1 112 109 353
1447 105 1972 1 130 75 354
1448 246 1979 0 156 105 355
1451 136 1774 1 168 126 356
1452 1 1462 1 118 9 357
1454 167 1749 1 162 76 358
1455 7 1471 1 97 12 359
1455 7 1489 0 152 147 360
1457 89 1763 0 7 43 361
1457 114 1697 1 24 40 362
1469 65 1979 1 101 94 363
1472 16 1525 0 189 153 364
1477 253 1938 1 33 64 365
1479 71 1607 1 160 106 366
1482 156 1872 1 1 188 367
1484 17 1592 1 57 11 368
1486 88 1663 0 40 160 369
1497 85 1591 0 117 123 370
1502 91 1679 0 117 168 371
1502 241 1760 1 158 191 372
1504 262 1963 1 54 198 373
1505 74 1813 1 197 191 374
1506 56 1611 0 176 119 375
1506 347 1886 1 110 144 376
1509 388 1965 1 12 195 377
1525 151 1924 1 36 38 378
1527 43 1589 1 187 182 379
1531 49 1648 1 175 122 380
1534 147 1772 1 150 42 381
1546 41 1667 1 5 32 382
1549 326 1928 0 81 145 383
1550 222 1802 1 6 14 384
1554 13 1614 1 68 195 385
1554 284 1998 1 7 129 386
1555 34 1614 0 181 160 387
1558 53 1993 0 92 17 388
1559 60 1757 0 127 50 389
1564 288 1874 1 136 153 390
1574 51 1719 1 144 70 391
1575 157 1751 1 97 89 392
1578 30 1810 1 86 31 393
1578 50 1653 0 54 49 394
1579 68 1946 1 17 18 395
1592 9 1603 1 119 140 396
1593 13 1694 0 93 138 397
1606 295 1960 1 17 83 398
1610 82 1976 0 195 198 399
1617 42 1696 0 38 113 400
1621 68 1726 0 143 188 401
1624 211 1870 1 180 144 402
1628 1 1631 1 64 13 403
1629 6 1641 1 134 118 404
1632 55 1924 0 44 170 405
1633 84 1768 1 56 163 406
1636 137 1871 1 25 79 407
1637 30 1687 1 145 72 408
1638 13 1729 1 6 74 409
1638 157 1814 1 192 75 410
1642 118 1828 0 121 35 411
1643 121 1999 1 131 17 412
1649 55 1720 1 139 131 413
1651 44 1743 0 139 19 414
1663 8 1849 0 93 184 415
1665 41 1879 0 62 140 416
1667 46 1782 0 104 178 417
1667 195 1896 1 101 138 418
1671 27 1776 1 50 4 419
1674 3 1973 1 27 95 420
1674 24 1963 0 92 125 421
1674 147 1848 1 145 46 422
1675 105 1796 1 143 155 423
1677 50 1976 1 83 163 424
1677 278 1975 1 147 37 425
1678 112 1930 0 72 17 426
1684 184 1914 0 28 194 427
1685 195 1898 0 46 56 428
1687 5 1706 1 194 174 429
1689 77 1873 1 40 174 430
1693 6 1795 0 18 183 431
1693 61 1772 1 171 21 432
1702 94 1965 0 162 8 433
1710 27 1756 1 67 85 434
1713 139 1864 0 43 189 435
1719 202 1958 1 180 181 436
1728 10 1820 1 51 136 437
1730 5 1991 0 136 21 438
1733 66 1944 0 187 110 439
1751 39 1954 1 142 104 440
1751 72 1837 1 35 115 441
1754 22 1989 1 17 136 442
1757 45 1819 0 118 191 443
1759 89 1947 1 3 2 444
1760 1 1769 1 8 89 445
1763 85 1961 1 194 120 446
1774 33 1841 1 83 64 447
1778 19 1853 0 162 6 448
1778 76 1885 1 126 186 449
1782 179 1986 0 3 25 450
1784 121 1946 1 44 8 451
1794 55 1929 0 117 42 452
1797 37 1855 1 99 116 453
1805 2 1834 0 103 2 454
1808 6 1818 1 161 47 455
1809 10 1851 0 172 114 456
1820 30 1858 0 91 46 457
1824 101 1991 1 167 85 458
1826 26 1930 0 170 47 459
1830 6 1851 1 102 161 460
1838 2 1856 0 130 93 461
1842 44 1907 1 152 152 462
1851 59 1992 1 6 11 463
1855 19 1996 1 133 166 464
1856 7 1937 1 6 199 465
1866 16 1894 0 170 147 466
1866 36 1926 1 27 126 467
1872 34 1998 1 184 98 468
1872 64 1981 1 87 172 469
1883 4 1936 1 69 83 470
1884 3 1893 1 121 79 471
1884 9 1911 1 52 107 472
1885 17 1936 1 195 81 473
1885 59 1950 1 181 57 474
1888 18 1940 1 80 140 475
1890 66 1997 1 101 148 476
1893 43 1946 1 10 140 477
1894 8 1929 1 28 146 478
1895 20 1928 0 127 153 479
1898 42 1970 1 83 53 480
1905 26 1970 0 28 123 481
1909 3 1988 0 132 14 482
1909 4 1920 0 106 3 483
1915 23 1975 1 86 43 484
1916 25 1947 1 58 5 485
1919 10 1967 1 123 154 486
1930 38 1974 1 122 67 487
1931 32 1998 0 8 140 488
1939 13 1957 1 152 61 489
1944 1 1951 1 179 151 490
1944 2 1953 1 169 79 491
1946 34 1997 0 29 96 492
1956 6 1976 0 5 190 493
1966 1 1971 1 29 49 494
1969 7 1980 0 200 81 495
1983 9 2000 1 66 200 496
1987 1 1991 0 41 89 497
1987 3 1997 1 22 139 498
1991 4 1997 1 115 184 499
1992 1 1997 0 82 60 500
