   0 0.950000 1
   0 0.950000 0
   0 0.950000 0
   0 0.950000 0
   0 0.950000 0
   0 0.950000 1
   0 0.950000 0
   0 0.950000 0
   0 0.950000 0
   0 0.950000 0
   0 0.950000 0
   0 0.950000 0
   0 0.950000 1
   0 0.950000 0
   0 0.950000 0
   0 0.950000 0
   0 0.950000 0
   0 0.950000 0
   0 0.950000 1
   0 0.950000 1
   0 0.950000 1
   0 0.950000 0
   0 0.950000 1
   0 0.950000 1
   0 0.950000 0
   0 0.950000 0
  34 0.225585 1
  75 0.015886 1
 134 0.057191 1
 165 0.050836 1
 269 0.117559 1
 306 0.009532 0
 382 0.038127 0
 390 0.031773 1
 425 0.241472 1
 440 0.098495 1
 450 0.873746 0
 454 0.108027 1
 466 0.390803 1
 528 0.098495 1
 532 0.314548 1
 537 0.003177 1
 544 0.000000 1
 548 0.482943 0
 558 0.114381 0
 591 0.041304 1
 594 0.060368 1
 602 0.057191 0
 623 0.006355 1
 631 0.950000 0
 641 0.171572 0
 667 0.524247 1
 684 0.104849 1
 727 0.950000 1
 760 0.047659 1
 769 0.047659 1
 769 0.047659 1
 771 0.120736 1
 779 0.047659 1
 781 0.041304 0
 877 0.149331 1
 921 0.139799 1
 926 0.142977 1
 954 0.073077 1
 962 0.273244 0
 989 0.038127 1
1009 0.098495 0
1016 0.111204 1
1045 0.362207 1
1057 0.362207 1
1134 0.108027 0
1174 0.009532 1
1190 0.311371 0
1208 0.028595 1
1230 0.950000 0
1256 0.142977 1
1269 0.092140 0
1303 0.101672 1
1313 0.098495 1
1322 0.571906 1
1339 0.085786 1
1404 0.476589 1
1427 0.152508 1
1504 0.117559 1
1601 0.006355 1
1603 0.181104 1
1627 0.950000 0
1648 0.257358 1
1653 0.120736 1
1657 0.876923 1
1667 0.012709 1
1776 0.069900 1
1789 0.130268 0
1797 0.181104 1
1818 0.212876 0
1826 0.044482 1
1833 0.038127 1
1860 0.003177 0
1872 0.038127 1
1898 0.088963 0