   0 0.950000 0
   0 0.950000 0
   0 0.950000 0
   0 0.950000 1
   0 0.950000 0
   0 0.950000 0
   0 0.950000 1
   0 0.950000 1
   0 0.950000 0
   0 0.950000 0
   0 0.950000 0
   0 0.950000 0
   0 0.950000 0
   0 0.950000 0
   0 0.918227 1
   0 0.950000 0
   0 0.950000 0
   0 0.950000 1
   0 0.950000 0
   0 0.950000 0
   0 0.950000 1
   0 0.950000 0
   0 0.950000 0
   0 0.950000 0
   0 0.950000 0
   0 0.950000 1
   0 0.950000 0
   0 0.950000 0
   0 0.950000 0
   0 0.950000 0
   0 0.950000 1
   0 0.950000 1
   0 0.950000 1
   0 0.950000 1
   0 0.950000 0
   0 0.950000 1
   0 0.950000 0
   0 0.950000 0
   0 0.950000 0
   0 0.950000 0
   0 0.950000 0
   0 0.950000 0
   0 0.775251 1
   0 0.950000 0
   0 0.950000 0
   0 0.950000 1
   0 0.950000 0
   0 0.950000 0
   0 0.950000 0
   0 0.950000 0
   0 0.950000 0
   0 0.950000 1
   0 0.950000 0
   0 0.950000 1
   0 0.950000 0
   0 0.950000 0
   0 0.950000 0
   0 0.950000 0
   0 0.746656 0
   0 0.950000 0
   0 0.950000 1
   0 0.950000 0
   0 0.950000 0
   0 0.950000 0
   0 0.950000 0
   0 0.950000 0
   0 0.950000 0
   0 0.950000 1
   0 0.950000 0
   0 0.950000 0
   0 0.950000 0
   0 0.950000 1
   0 0.950000 0
   0 0.950000 0
   0 0.950000 0
   0 0.950000 0
   0 0.950000 0
   0 0.950000 1
   0 0.950000 0
   0 0.950000 0
   0 0.950000 1
   0 0.950000 0
   0 0.950000 0
   0 0.950000 1
   0 0.950000 1
   0 0.950000 1
   0 0.950000 0
   0 0.950000 0
   0 0.950000 1
   0 0.950000 0
   0 0.950000 0
   0 0.950000 0
   0 0.950000 0
   0 0.950000 0
   0 0.950000 0
   0 0.950000 0
   0 0.950000 0
   0 0.950000 1
   0 0.950000 1
   0 0.950000 1
   0 0.950000 0
   0 0.950000 0
   0 0.950000 0
   0 0.950000 0
   0 0.950000 0
   0 0.950000 0
   0 0.950000 0
   0 0.950000 1
   0 0.950000 0
   0 0.950000 1
   0 0.950000 1
   0 0.950000 0
   0 0.950000 1
   0 0.950000 1
   0 0.950000 0
   0 0.950000 0
   0 0.950000 1
   0 0.950000 0
   0 0.950000 0
   0 0.950000 1
   0 0.950000 1
   0 0.950000 0
   0 0.950000 0
   0 0.950000 0
   0 0.950000 1
   0 0.950000 0
   0 0.950000 1
   0 0.950000 0
   0 0.950000 1
   0 0.950000 0
   0 0.950000 1
   0 0.950000 1
   0 0.950000 0
   0 0.950000 1
   0 0.950000 1
   0 0.950000 0
   0 0.950000 0
   0 0.950000 0
   0 0.950000 0
   0 0.950000 0
   0 0.950000 0
   0 0.950000 0
   0 0.950000 0
   0 0.950000 0
   0 0.950000 0
   0 0.950000 0
   0 0.950000 0
   0 0.950000 0
   0 0.950000 0
   0 0.950000 0
   0 0.950000 0
   0 0.950000 0
   0 0.950000 0
   0 0.950000 1
   0 0.950000 0
   0 0.950000 0
   0 0.950000 0
   0 0.950000 0
   0 0.950000 1
   0 0.950000 0
   0 0.950000 0
   0 0.950000 0
   0 0.950000 1
   0 0.950000 0
   0 0.950000 0
   0 0.950000 0
   0 0.950000 0
   0 0.251003 0
   0 0.950000 0
   0 0.950000 0
   0 0.950000 1
   0 0.950000 1
   0 0.950000 1
   0 0.950000 0
   0 0.950000 0
   0 0.950000 0
   0 0.950000 1
   0 0.950000 0
   0 0.950000 0
   0 0.950000 0
   0 0.950000 1
   0 0.673579 0
   0 0.003177 0
   0 0.950000 1
   0 0.950000 0
   0 0.950000 0
   0 0.950000 0
   0 0.950000 0
   0 0.950000 0
   0 0.950000 0
   0 0.950000 0
   0 0.950000 1
   0 0.950000 1
   0 0.950000 1
   0 0.950000 0
   0 0.950000 0
   0 0.950000 0
   0 0.950000 0
   0 0.950000 0
   0 0.950000 1
   0 0.950000 1
   0 0.950000 1
   0 0.950000 1
   0 0.950000 0
   0 0.950000 0
   0 0.950000 1
   0 0.950000 0
   0 0.950000 0
   0 0.196990 0
   0 0.950000 1
   0 0.950000 0
   0 0.950000 0
   0 0.950000 0
   0 0.950000 1
   0 0.950000 0
   0 0.950000 0
   0 0.950000 0
   0 0.950000 1
   0 0.950000 0
   0 0.950000 0
   0 0.950000 1
   0 0.950000 1
   0 0.950000 0
   0 0.950000 0
   0 0.950000 0
   0 0.950000 1
   0 0.950000 1
   0 0.950000 1
   0 0.950000 0
   0 0.950000 0
   0 0.950000 0
   0 0.950000 0
   0 0.950000 0
   0 0.950000 0
   0 0.950000 0
   0 0.950000 1
   0 0.950000 1
   0 0.950000 1
   0 0.950000 1
   0 0.950000 1
   0 0.950000 0
   0 0.950000 0
  24 0.581438 1
  29 0.079431 1
  30 0.711706 1
  31 0.025418 1
  36 0.359030 0
  36 0.387625 0
  39 0.003177 0
  40 0.000000 0
  45 0.187458 1
  46 0.371739 1
  47 0.050836 1
  47 0.349498 0
  49 0.088963 1
  53 0.095318 1
  53 0.022241 1
  54 0.054013 1
  61 0.085786 1
  61 0.117559 1
  62 0.022241 1
  69 0.117559 1
  70 0.034950 1
  72 0.231940 1
  72 0.009532 1
  75 0.158863 1
  82 0.247826 1
  82 0.384448 1
  83 0.031773 1
  83 0.737124 1
  88 0.000000 0
  91 0.009532 1
  92 0.247826 0
  94 0.279599 1
  95 0.019064 1
 100 0.073077 0
 102 0.009532 1
 111 0.082609 1
 116 0.123913 0
 116 0.104849 1
 123 0.028595 1
 127 0.432107 1
 127 0.482943 0
 129 0.308194 0
 138 0.066722 1
 142 0.000000 1
 142 0.028595 1
 143 0.088963 1
 143 0.009532 1
 145 0.069900 1
 154 0.028595 1
 157 0.044482 1
 165 0.050836 1
 166 0.705351 1
 168 0.359030 0
 168 0.241472 1
 168 0.117559 1
 171 0.000000 0
 176 0.015886 1
 184 0.038127 1
 189 0.336789 1
 192 0.044482 1
 192 0.041304 1
 194 0.006355 0
 196 0.034950 1
 201 0.177926 0
 202 0.193813 1
 205 0.902341 1
 205 0.050836 1
 206 0.641806 1
 208 0.543311 1
 208 0.044482 1
 208 0.200167 1
 210 0.158863 1
 211 0.165217 0
 212 0.044482 1
 212 0.950000 0
 215 0.826087 0
 216 0.260535 1
 216 0.015886 1
 218 0.015886 1
 219 0.098495 0
 222 0.050836 1
 223 0.130268 1
 225 0.886455 1
 229 0.162040 1
 234 0.022241 1
 236 0.413043 0
 243 0.174749 1
 243 0.041304 1
 249 0.088963 0
 249 0.085786 0
 250 0.031773 1
 256 0.031773 1
 260 0.069900 1
 263 0.155686 0
 267 0.762542 0
 268 0.679933 1
 279 0.044482 0
 283 0.950000 1
 283 0.003177 0
 287 0.266890 1
 291 0.444816 0
 291 0.390803 0
 293 0.000000 1
 297 0.123913 0
 301 0.950000 1
 305 0.117559 0
 307 0.257358 1
 308 0.098495 1
 311 0.257358 0
 316 0.054013 1
 316 0.162040 0
 317 0.664047 0
 320 0.950000 0
 330 0.012709 1
 338 0.034950 1
 341 0.060368 0
 342 0.009532 1
 343 0.006355 1
 344 0.012709 1
 346 0.088963 1
 348 0.028595 1
 349 0.196990 0
 351 0.301839 1
 359 0.117559 1
 360 0.019064 1
 362 0.000000 1
 366 0.041304 0
 369 0.832441 0
 370 0.123913 1
 372 0.120736 1
 372 0.136622 1
 373 0.108027 0
 376 0.066722 0
 376 0.698997 0
 377 0.069900 0
 384 0.069900 1
 385 0.003177 1
 387 0.038127 0
 387 0.114381 1
 391 0.073077 1
 394 0.000000 0
 398 0.559197 1
 399 0.158863 1
 400 0.050836 1
 406 0.950000 0
 407 0.104849 0
 409 0.257358 0
 414 0.006355 1
 414 0.095318 1
 416 0.041304 1
 416 0.041304 1
 419 0.336789 1
 419 0.600502 0
 426 0.308194 1
 429 0.012709 1
 430 0.054013 1
 433 0.025418 1
 434 0.330435 1
 437 0.047659 1
 440 0.098495 0
 441 0.088963 1
 445 0.349498 1
 446 0.111204 1
 448 0.009532 1
 451 0.060368 1
 452 0.327258 0
 452 0.047659 1
 457 0.273244 1
 460 0.009532 1
 461 0.031773 1
 464 0.111204 1
 470 0.915050 1
 472 0.950000 1
 472 0.950000 0
 473 0.022241 1
 474 0.000000 1
 478 0.003177 1
 480 0.200167 0
 482 0.123913 1
 484 0.019064 1
 486 0.044482 1
 492 0.019064 1
 493 0.139799 1
 494 0.146154 1
 497 0.162040 1
 502 0.098495 0
 512 0.031773 1
 514 0.241472 1
 519 0.095318 1
 520 0.069900 1
 520 0.015886 1
 527 0.279599 1
 527 0.444816 0
 530 0.123913 1
 533 0.753010 1
 535 0.133445 1
 536 0.266890 0
 537 0.044482 1
 537 0.044482 1
 537 0.041304 0
 542 0.311371 1
 542 0.012709 1
 543 0.031773 1
 543 0.130268 1
 545 0.142977 1
 546 0.104849 0
 549 0.657692 1
 550 0.025418 1
 551 0.060368 0
 551 0.009532 0
 552 0.000000 0
 553 0.025418 1
 559 0.120736 1
 561 0.047659 0
 562 0.257358 0
 565 0.019064 1
 567 0.111204 0
 567 0.000000 0
 571 0.085786 1
 573 0.883278 0
 574 0.085786 1
 581 0.950000 1
 581 0.108027 1
 582 0.015886 1
 585 0.184281 1
 591 0.155686 1
 591 0.298662 1
 591 0.133445 1
 591 0.041304 1
 594 0.000000 1
 595 0.041304 1
 600 0.260535 1
 601 0.088963 1
 603 0.031773 0
 611 0.041304 1
 617 0.000000 0
 619 0.000000 1
 620 0.950000 0
 621 0.050836 0
 627 0.114381 0
 631 0.950000 1
 632 0.158863 1
 635 0.152508 1
 637 0.641806 1
 639 0.063545 0
 639 0.041304 1
 639 0.225585 1
 640 0.381271 1
 641 0.292308 1
 641 0.038127 0
 641 0.292308 1
 644 0.009532 1
 648 0.387625 1
 649 0.092140 0
 649 0.044482 1
 651 0.279599 0
 655 0.000000 0
 657 0.044482 1
 659 0.092140 1
 662 0.000000 1
 664 0.073077 1
 664 0.044482 1
 665 0.034950 1
 665 0.047659 1
 667 0.181104 0
 668 0.606856 1
 670 0.041304 1
 670 0.038127 1
 670 0.088963 0
 674 0.082609 1
 675 0.000000 1
 675 0.104849 1
 676 0.088963 1
 677 0.711706 1
 679 0.044482 1
 684 0.088963 1
 689 0.117559 1
 692 0.139799 1
 693 0.041304 1
 697 0.155686 0
 697 0.241472 0
 699 0.616388 1
 700 0.403512 1
 702 0.314548 1
 703 0.168395 1
 704 0.047659 0
 705 0.038127 1
 706 0.006355 1
 706 0.038127 1
 709 0.127090 1
 712 0.044482 0
 712 0.050836 0
 715 0.054013 0
 716 0.044482 0
 719 0.047659 1
 719 0.479766 0
 719 0.587793 1
 720 0.279599 1
 720 0.111204 1
 726 0.006355 0
 726 0.257358 0
 727 0.425753 1
 728 0.950000 1
 729 0.022241 1
 730 0.181104 1
 732 0.371739 1
 734 0.111204 1
 737 0.092140 1
 741 0.950000 0
 741 0.225585 1
 742 0.950000 0
 743 0.260535 1
 744 0.063545 1
 745 0.063545 1
 745 0.038127 1
 747 0.050836 1
 747 0.950000 0
 749 0.123913 1
 753 0.044482 1
 754 0.101672 1
 758 0.146154 1
 760 0.041304 1
 760 0.282776 1
 761 0.295485 1
 762 0.050836 1
 765 0.139799 0
 766 0.015886 1
 766 0.028595 1
 769 0.120736 1
 769 0.076254 1
 770 0.069900 1
 771 0.120736 1
 773 0.950000 0
 773 0.950000 0
 773 0.950000 0
 784 0.079431 0
 787 0.050836 1
 788 0.003177 0
 789 0.050836 0
 790 0.266890 1
 792 0.517893 1
 793 0.003177 0
 793 0.057191 1
 796 0.050836 1
 797 0.619565 1
 798 0.050836 1
 800 0.117559 1
 802 0.069900 1
 803 0.416221 0
 805 0.190635 0
 805 0.289130 1
 809 0.031773 1
 809 0.041304 1
 811 0.041304 1
 812 0.301839 1
 812 0.533779 1
 814 0.950000 0
 817 0.950000 0
 819 0.950000 1
 819 0.041304 0
 821 0.066722 1
 826 0.088963 0
 831 0.085786 1
 838 0.000000 1
 840 0.028595 1
 842 0.047659 1
 844 0.047659 1
 844 0.432107 1
 844 0.460702 1
 845 0.339967 1
 854 0.950000 0
 859 0.025418 1
 859 0.019064 1
 865 0.038127 1
 875 0.050836 1
 876 0.034950 1
 877 0.174749 1
 881 0.149331 1
 881 0.784783 1
 882 0.413043 0
 885 0.473411 1
 886 0.565552 0
 888 0.123913 1
 889 0.098495 1
 889 0.082609 1
 891 0.123913 1
 891 0.950000 0
 899 0.073077 1
 903 0.111204 1
 903 0.435284 1
 904 0.155686 1
 909 0.101672 1
 911 0.123913 1
 912 0.559197 1
 912 0.127090 1
 916 0.114381 1
 918 0.050836 1
 918 0.003177 1
 923 0.950000 0
 923 0.114381 1
 924 0.003177 1
 927 0.298662 1
 934 0.381271 1
 935 0.003177 0
 941 0.003177 0
 942 0.066722 0
 942 0.841973 1
 946 0.279599 0
 950 0.085786 0
 953 0.463880 1
 954 0.073077 1
 954 0.187458 1
 962 0.028595 1
 966 0.425753 1
 967 0.387625 0
 967 0.044482 1
 969 0.108027 1
 984 0.044482 1
 984 0.044482 1
 985 0.136622 0
 986 0.187458 1
 989 0.038127 1
 998 0.193813 0
1011 0.104849 1
1018 0.428930 0
1019 0.019064 1
1021 0.104849 1
1022 0.028595 1
1034 0.117559 1
1035 0.022241 1
1039 0.270067 1
1045 0.028595 1
1046 0.022241 1
1046 0.000000 1
1048 0.060368 1
1048 0.038127 1
1049 0.088963 1
1062 0.076254 0
1065 0.784783 1
1065 0.088963 1
1076 0.378094 0
1078 0.950000 0
1085 0.031773 1
1092 0.950000 1
1093 0.117559 1
1093 0.108027 1
1097 0.019064 1
1097 0.279599 1
1102 0.190635 1
1106 0.133445 0
1106 0.003177 1
1110 0.950000 1
1113 0.000000 0
1115 0.152508 0
1115 0.400334 0
1118 0.950000 1
1119 0.950000 0
1120 0.127090 1
1126 0.025418 1
1134 0.101672 1
1136 0.003177 1
1139 0.581438 1
1151 0.123913 1
1151 0.066722 1
1152 0.374916 1
1153 0.104849 1
1154 0.950000 1
1162 0.044482 1
1162 0.092140 1
1163 0.015886 0
1164 0.003177 1
1168 0.044482 1
1172 0.127090 1
1173 0.000000 1
1178 0.044482 0
1181 0.282776 1
1182 0.041304 1
1192 0.108027 1
1193 0.279599 1
1194 0.235117 1
1212 0.009532 1
1214 0.047659 0
1218 0.355853 1
1222 0.108027 1
1234 0.950000 1
1237 0.603679 1
1240 0.657692 1
1243 0.212876 1
1243 0.000000 1
1249 0.022241 1
1251 0.019064 1
1258 0.003177 1
1259 0.066722 1
1259 0.069900 0
1260 0.044482 0
1261 0.069900 1
1263 0.146154 0
1264 0.095318 0
1265 0.031773 0
1265 0.069900 1
1268 0.044482 1
1268 0.003177 1
1270 0.095318 1
1271 0.073077 1
1271 0.950000 1
1274 0.425753 0
1279 0.108027 1
1279 0.009532 1
1285 0.003177 1
1286 0.108027 1
1286 0.114381 1
1290 0.486120 1
1290 0.003177 1
1294 0.155686 1
1295 0.101672 1
1295 0.003177 1
1298 0.950000 1
1298 0.057191 1
1300 0.950000 0
1303 0.038127 1
1304 0.339967 1
1305 0.155686 1
1305 0.085786 1
1305 0.000000 0
1305 0.085786 1
1310 0.848328 0
1310 0.025418 1
1311 0.092140 1
1311 0.034950 1
1319 0.009532 0
1320 0.746656 1
1322 0.324080 1
1327 0.276421 1
1329 0.044482 1
1332 0.387625 0
1335 0.003177 1
1335 0.460702 1
1339 0.095318 0
1339 0.066722 1
1340 0.009532 1
1344 0.355853 1
1348 0.146154 1
1349 0.063545 1
1352 0.031773 1
1359 0.139799 1
1361 0.123913 1
1385 0.092140 1
1388 0.076254 1
1388 0.044482 0
1392 0.041304 1
1395 0.600502 1
1395 0.015886 0
1401 0.260535 0
1402 0.066722 1
1404 0.641806 1
1407 0.003177 0
1408 0.950000 0
1408 0.000000 0
1409 0.069900 1
1410 0.041304 1
1417 0.235117 1
1424 0.000000 1
1425 0.263712 0
1428 0.216054 1
1437 0.200167 1
1440 0.111204 0
1446 0.409866 1
1447 0.282776 1
1451 0.092140 1
1451 0.120736 0
1455 0.349498 1
1455 0.098495 1
1463 0.000000 1
1464 0.111204 1
1466 0.295485 1
1467 0.003177 1
1472 0.082609 1
1474 0.066722 1
1476 0.950000 1
1477 0.114381 1
1478 0.130268 1
1478 0.184281 1
1482 0.050836 1
1484 0.139799 1
1490 0.950000 1
1491 0.244649 1
1494 0.339967 0
1496 0.225585 1
1496 0.521070 1
1503 0.015886 1
1503 0.006355 1
1506 0.066722 0
1508 0.950000 1
1508 0.003177 0
1508 0.019064 1
1508 0.568729 1
1510 0.041304 1
1511 0.054013 1
1513 0.098495 1
1513 0.069900 1
1521 0.098495 1
1522 0.155686 1
1527 0.101672 1
1528 0.044482 1
1529 0.514716 1
1530 0.127090 1
1532 0.216054 1
1535 0.257358 1
1537 0.019064 0
1544 0.000000 1
1549 0.165217 1
1556 0.041304 1
1557 0.028595 1
1561 0.000000 0
1561 0.047659 1
1561 0.003177 1
1563 0.038127 1
1566 0.114381 1
1568 0.406689 1
1568 0.679933 1
1577 0.142977 1
1577 0.034950 1
1580 0.009532 1
1589 0.155686 0
1591 0.000000 0
1597 0.146154 0
1599 0.365385 1
1600 0.082609 1
1600 0.088963 1
1605 0.123913 1
1611 0.206522 0
1613 0.000000 1
1614 0.187458 1
1615 0.950000 0
1618 0.181104 1
1618 0.041304 1
1620 0.015886 1
1622 0.034950 1
1624 0.950000 0
1625 0.095318 1
1626 0.057191 1
1627 0.950000 1
1627 0.079431 0
1628 0.117559 1
1634 0.190635 1
1638 0.950000 0
1648 0.136622 1
1653 0.130268 1
1658 0.851505 1
1664 0.276421 1
1665 0.111204 1
1666 0.000000 0
1670 0.136622 1
1671 0.101672 1
1671 0.104849 0
1672 0.136622 1
1674 0.095318 1
1676 0.003177 0
1676 0.095318 1
1677 0.079431 0
1678 0.015886 1
1678 0.171572 0
1678 0.041304 0
1680 0.108027 0
1681 0.355853 1
1681 0.635452 1
1682 0.193813 1
1682 0.171572 1
1682 0.142977 1
1694 0.003177 1
1699 0.273244 1
1700 0.034950 1
1709 0.092140 0
1710 0.092140 1
1710 0.765719 1
1711 0.667224 0
1716 0.203344 1
1718 0.025418 1
1722 0.022241 1
1723 0.127090 1
1728 0.000000 0
1730 0.702174 0
1732 0.603679 1
1733 0.054013 1
1733 0.057191 1
1734 0.155686 1
1738 0.054013 1
1743 0.019064 1
1748 0.076254 1
1750 0.114381 0
1751 0.047659 1
1754 0.168395 1
1755 0.295485 0
1756 0.279599 0
1763 0.336789 0
1765 0.473411 0
1772 0.000000 0
1774 0.950000 0
1777 0.282776 1
1781 0.950000 0
1781 0.384448 1
1782 0.082609 1
1788 0.171572 0
1790 0.950000 1
1792 0.000000 1
1795 0.184281 1
1798 0.104849 1
1800 0.950000 0
1801 0.422575 1
1808 0.133445 0
1809 0.130268 1
1810 0.000000 1
1814 0.120736 0
1818 0.251003 1
1820 0.120736 1
1820 0.054013 1
1822 0.073077 1
1822 0.031773 1
1824 0.114381 1
1824 0.251003 0
1832 0.015886 1
1832 0.038127 1
1839 0.190635 1
1842 0.098495 1
1843 0.073077 1
1845 0.292308 1
1849 0.181104 0
1849 0.177926 1
1853 0.034950 1
1854 0.343144 1
1857 0.165217 1
1860 0.139799 1
1861 0.044482 1
1867 0.355853 1
1867 0.333612 1
1868 0.047659 1
1869 0.155686 0
1870 0.054013 1
1871 0.098495 1
1872 0.047659 0
1873 0.025418 1
1874 0.057191 1
1875 0.352676 0
1877 0.015886 1
1878 0.050836 1
1879 0.120736 1
1879 0.022241 1
1881 0.950000 1
1882 0.009532 1
1890 0.241472 1
1891 0.158863 1
1892 0.050836 1
1893 0.915050 0
1894 0.054013 1
1894 0.142977 0
1898 0.251003 1
1898 0.158863 1
1899 0.063545 1