   0 0.950000 1
   0 0.950000 1
   0 0.950000 1
   0 0.950000 0
   0 0.950000 0
   0 0.950000 0
   0 0.950000 0
   0 0.950000 1
   0 0.950000 1
   0 0.950000 1
   0 0.950000 0
   0 0.950000 0
   0 0.950000 0
   0 0.950000 1
   0 0.950000 0
   0 0.950000 1
   0 0.950000 0
   0 0.950000 0
   0 0.950000 1
   0 0.950000 0
   0 0.950000 0
   0 0.950000 0
   0 0.950000 0
   0 0.950000 1
   0 0.950000 0
   0 0.950000 0
   0 0.950000 0
   0 0.950000 1
   0 0.950000 1
   0 0.950000 1
   0 0.950000 1
   0 0.950000 1
   0 0.950000 0
   0 0.950000 0
   0 0.950000 0
   0 0.950000 0
   0 0.950000 0
   0 0.950000 0
   0 0.950000 0
  42 0.034950 1
  49 0.108027 1
  55 0.073077 1
  70 0.066722 0
  73 0.753010 1
  84 0.060368 0
  88 0.015886 1
  94 0.019064 1
  96 0.000000 1
 111 0.034950 0
 111 0.000000 0
 197 0.222408 1
 201 0.022241 1
 215 0.950000 0
 218 0.015886 1
 233 0.044482 1
 236 0.114381 1
 238 0.298662 0
 243 0.114381 0
 251 0.133445 1
 260 0.092140 1
 265 0.950000 1
 277 0.050836 1
 285 0.092140 1
 285 0.000000 1
 302 0.047659 1
 344 0.228763 0
 350 0.019064 1
 360 0.108027 1
 372 0.390803 0
 389 0.235117 0
 393 0.057191 1
 393 0.311371 1
 411 0.171572 1
 437 0.171572 1
 495 0.108027 1
 495 0.168395 1
 514 0.235117 1
 525 0.521070 1
 530 0.123913 1
 539 0.212876 0
 548 0.073077 1
 548 0.047659 1
 554 0.047659 1
 571 0.076254 1
 585 0.095318 1
 595 0.022241 1
 616 0.015886 1
 636 0.031773 1
 639 0.060368 1
 649 0.476589 1
 673 0.187458 1
 675 0.254181 1
 680 0.047659 0
 685 0.000000 1
 688 0.657692 1
 702 0.149331 1
 702 0.282776 1
 727 0.031773 1
 744 0.133445 1
 760 0.282776 1
 767 0.054013 1
 774 0.063545 1
 778 0.950000 1
 782 0.054013 1
 787 0.050836 1
 793 0.152508 1
 797 0.619565 1
 801 0.950000 1
 805 0.000000 1
 811 0.111204 1
 822 0.571906 1
 834 0.003177 1
 836 0.000000 0
 837 0.092140 1
 880 0.006355 1
 888 0.120736 1
 910 0.251003 1
 917 0.139799 1
 917 0.336789 1
 943 0.041304 1
 944 0.095318 1
 944 0.139799 1
 952 0.031773 1
 953 0.950000 0
 954 0.073077 1
 968 0.324080 0
 971 0.000000 1
 984 0.044482 1
 996 0.022241 1
1035 0.390803 1
1046 0.282776 0
1048 0.031773 1
1052 0.076254 1
1056 0.022241 1
1091 0.123913 1
1102 0.190635 1
1119 0.241472 1
1123 0.000000 1
1137 0.028595 1
1156 0.880100 0
1162 0.117559 1
1168 0.044482 1
1181 0.063545 1
1193 0.343144 1
1208 0.104849 1
1216 0.950000 0
1218 0.044482 1
1249 0.022241 1
1251 0.060368 1
1279 0.432107 1
1291 0.724415 1
1300 0.101672 1
1303 0.114381 1
1328 0.073077 1
1339 0.082609 1
1342 0.003177 1
1346 0.387625 1
1382 0.393980 1
1387 0.050836 1
1393 0.038127 1
1472 0.076254 1
1476 0.950000 1
1476 0.025418 1
1505 0.139799 0
1508 0.003177 0
1517 0.101672 1
1527 0.050836 1
1567 0.781605 1
1603 0.146154 1
1614 0.101672 1
1617 0.069900 1
1625 0.054013 0
1639 0.034950 1
1644 0.050836 1
1649 0.123913 1
1660 0.444816 0
1668 0.568729 0
1679 0.826087 0
1681 0.654515 1
1687 0.025418 1
1700 0.000000 0
1735 0.050836 0
1737 0.047659 1
1740 0.050836 1
1763 0.060368 1
1777 0.950000 1
1779 0.950000 0
1791 0.950000 1
1814 0.095318 1
1866 0.123913 1
1867 0.060368 1
1869 0.181104 1
1869 0.336789 1
1878 0.019064 1
1878 0.050836 1
1887 0.511538 0
1890 0.241472 1
1893 0.915050 0
1893 0.838796 0
1896 0.054013 1