   0 0.950000 0
   0 0.950000 0
   0 0.950000 0
   0 0.950000 0
   0 0.950000 1
   0 0.950000 0
   0 0.950000 0
   0 0.950000 0
   0 0.950000 0
   0 0.950000 1
   0 0.950000 0
   0 0.950000 0
   0 0.950000 0
   0 0.950000 1
   0 0.950000 1
   0 0.950000 0
   0 0.950000 1
   0 0.950000 0
   0 0.950000 0
   0 0.950000 1
   0 0.950000 0
   0 0.950000 1
   0 0.950000 0
   0 0.950000 0
   0 0.950000 1
   0 0.950000 0
   0 0.950000 0
   0 0.950000 0
   0 0.950000 1
   0 0.950000 0
   0 0.950000 0
   0 0.950000 1
   0 0.950000 0
   0 0.775251 1
   0 0.950000 0
   0 0.950000 0
   0 0.950000 1
   0 0.950000 1
   0 0.950000 0
   0 0.950000 0
   0 0.950000 0
   0 0.950000 1
   0 0.950000 1
   0 0.950000 1
   0 0.950000 1
   0 0.950000 0
   0 0.950000 0
   0 0.950000 0
   0 0.950000 0
   0 0.950000 0
   0 0.950000 0
   0 0.756187 1
   0 0.950000 1
   0 0.950000 0
   0 0.950000 1
   0 0.950000 0
   0 0.950000 0
   0 0.950000 0
   0 0.950000 1
   0 0.950000 1
   0 0.950000 0
   0 0.950000 0
   0 0.950000 0
   0 0.950000 0
   0 0.950000 0
   0 0.950000 0
   0 0.950000 1
   0 0.950000 0
   0 0.950000 0
   0 0.950000 0
   0 0.950000 0
   0 0.950000 1
   0 0.813378 1
   0 0.654515 0
   0 0.950000 0
   0 0.950000 1
   0 0.950000 0
   0 0.950000 1
   0 0.950000 0
   0 0.950000 1
   0 0.950000 0
   0 0.950000 1
   0 0.950000 0
   0 0.950000 0
   0 0.950000 0
   0 0.950000 1
   0 0.950000 1
   0 0.950000 0
   0 0.950000 0
   0 0.950000 0
   0 0.950000 1
   0 0.950000 0
   0 0.950000 0
   0 0.950000 1
   0 0.950000 1
   0 0.950000 0
   0 0.950000 0
   0 0.819732 0
   0 0.950000 0
   0 0.950000 0
   0 0.950000 0
   0 0.950000 1
   0 0.950000 0
   0 0.950000 1
   0 0.950000 0
   0 0.950000 0
   0 0.950000 0
   0 0.950000 0
   0 0.950000 1
   0 0.950000 0
   0 0.950000 0
   0 0.950000 1
   0 0.950000 1
   0 0.950000 1
   0 0.950000 0
   0 0.950000 0
   0 0.950000 0
   0 0.950000 0
   0 0.950000 0
   0 0.950000 0
  21 0.095318 1
  26 0.108027 0
  37 0.044482 1
  39 0.069900 1
  39 0.038127 0
  42 0.015886 1
  72 0.003177 1
  84 0.060368 0
  91 0.000000 1
  91 0.009532 1
  95 0.104849 1
  97 0.041304 0
 107 0.009532 1
 111 0.034950 0
 127 0.003177 1
 135 0.044482 1
 138 0.435284 1
 144 0.031773 1
 151 0.108027 1
 152 0.054013 0
 161 0.158863 0
 163 0.285953 0
 174 0.012709 1
 178 0.530602 1
 179 0.047659 1
 186 0.333612 1
 192 0.025418 1
 192 0.038127 1
 195 0.136622 1
 197 0.308194 1
 197 0.120736 1
 205 0.041304 1
 208 0.044482 1
 208 0.050836 1
 208 0.950000 1
 225 0.092140 1
 226 0.000000 1
 229 0.114381 0
 229 0.117559 0
 229 0.495652 0
 239 0.578261 0
 241 0.295485 0
 260 0.000000 1
 274 0.025418 1
 274 0.015886 1
 277 0.057191 1
 280 0.057191 1
 285 0.000000 1
 286 0.066722 0
 291 0.390803 0
 304 0.171572 0
 309 0.238294 0
 316 0.000000 1
 344 0.012709 1
 350 0.266890 1
 351 0.187458 1
 355 0.190635 0
 356 0.104849 1
 364 0.047659 1
 372 0.120736 1
 375 0.260535 1
 375 0.622742 0
 376 0.749833 0
 385 0.098495 1
 405 0.950000 0
 405 0.950000 0
 405 0.006355 1
 416 0.222408 1
 419 0.600502 0
 425 0.168395 0
 426 0.108027 1
 426 0.054013 1
 429 0.000000 1
 429 0.012709 1
 430 0.000000 0
 430 0.066722 1
 432 0.050836 1
 440 0.050836 1
 445 0.069900 0
 445 0.136622 1
 446 0.108027 1
 446 0.327258 1
 446 0.136622 1
 448 0.073077 0
 450 0.873746 0
 462 0.718060 0
 462 0.950000 0
 468 0.000000 0
 471 0.559197 1
 472 0.041304 1
 474 0.409866 0
 479 0.041304 1
 482 0.060368 1
 488 0.270067 1
 490 0.006355 1
 491 0.063545 1
 492 0.092140 0
 496 0.451171 1
 503 0.000000 0
 505 0.950000 0
 520 0.085786 1
 528 0.095318 0
 530 0.111204 1
 532 0.003177 1
 539 0.203344 1
 545 0.314548 1
 548 0.101672 1
 549 0.657692 1
 561 0.050836 1
 562 0.073077 1
 563 0.012709 1
 565 0.088963 0
 567 0.000000 0
 567 0.263712 1
 570 0.117559 0
 577 0.184281 0
 580 0.000000 0
 581 0.063545 1
 594 0.289130 1
 614 0.031773 1
 617 0.111204 1
 619 0.000000 1
 622 0.095318 1
 635 0.009532 1
 636 0.031773 1
 639 0.066722 1
 640 0.314548 1
 640 0.238294 1
 642 0.216054 1
 644 0.009532 1
 648 0.165217 1
 652 0.057191 0
 652 0.142977 0
 654 0.950000 1
 663 0.000000 1
 665 0.044482 1
 668 0.108027 1
 668 0.444816 1
 668 0.038127 0
 669 0.400334 1
 672 0.266890 1
 684 0.057191 1
 690 0.044482 1
 692 0.088963 0
 693 0.139799 1
 695 0.000000 1
 696 0.339967 1
 696 0.000000 1
 700 0.486120 1
 702 0.314548 1
 702 0.282776 1
 705 0.184281 0
 708 0.079431 1
 712 0.095318 0
 714 0.098495 1
 714 0.171572 1
 714 0.073077 1
 715 0.791137 0
 715 0.022241 0
 719 0.584615 1
 720 0.444816 1
 728 0.950000 1
 728 0.950000 1
 729 0.600502 1
 736 0.149331 1
 736 0.149331 1
 744 0.200167 1
 744 0.114381 1
 749 0.003177 1
 758 0.950000 0
 759 0.098495 1
 768 0.168395 1
 776 0.012709 1
 777 0.206522 1
 777 0.000000 1
 780 0.133445 1
 781 0.142977 0
 791 0.041304 0
 793 0.063545 1
 793 0.003177 0
 794 0.098495 0
 796 0.050836 1
 800 0.117559 1
 809 0.085786 1
 822 0.101672 1
 827 0.047659 1
 840 0.057191 1
 843 0.041304 1
 848 0.038127 1
 851 0.686288 0
 854 0.950000 1
 859 0.943645 1
 875 0.098495 1
 878 0.044482 1
 881 0.257358 0
 885 0.003177 0
 885 0.460702 1
 889 0.025418 0
 900 0.676756 0
 903 0.651338 1
 905 0.006355 1
 911 0.025418 1
 917 0.950000 1
 918 0.098495 1
 927 0.177926 0
 928 0.003177 1
 934 0.123913 1
 935 0.155686 1
 937 0.193813 1
 938 0.950000 0
 938 0.111204 1
 946 0.260535 0
 952 0.120736 0
 954 0.073077 1
 954 0.000000 1
 962 0.028595 1
 966 0.339967 0
 973 0.066722 1
 990 0.088963 0
1017 0.076254 1
1018 0.092140 1
1020 0.270067 1
1021 0.120736 0
1021 0.085786 0
1044 0.784783 1
1049 0.146154 1
1049 0.050836 1
1050 0.000000 0
1051 0.174749 0
1051 0.015886 1
1060 0.085786 1
1077 0.168395 1
1085 0.031773 1
1085 0.867391 0
1085 0.816555 1
1093 0.108027 1
1108 0.006355 1
1115 0.111204 1
1129 0.076254 0
1133 0.146154 1
1139 0.101672 1
1139 0.584615 1
1143 0.238294 1
1153 0.184281 1
1160 0.123913 0
1160 0.508361 1
1163 0.950000 1
1171 0.041304 0
1174 0.108027 1
1177 0.235117 1
1178 0.028595 1
1185 0.073077 0
1185 0.104849 1
1189 0.676756 1
1228 0.950000 0
1228 0.950000 1
1238 0.378094 0
1243 0.044482 0
1249 0.784783 1
1251 0.676756 1
1251 0.285953 1
1258 0.006355 0
1263 0.012709 1
1263 0.054013 1
1264 0.950000 1
1265 0.098495 1
1269 0.149331 1
1269 0.819732 1
1270 0.482943 1
1271 0.950000 1
1272 0.092140 1
1274 0.384448 1
1314 0.069900 0
1320 0.241472 1
1326 0.301839 1
1352 0.101672 1
1355 0.003177 1
1355 0.196990 1
1365 0.222408 1
1371 0.022241 1
1388 0.000000 0
1395 0.600502 1
1398 0.279599 1
1404 0.571906 1
1417 0.235117 1
1418 0.069900 0
1420 0.133445 1
1433 0.034950 1
1435 0.648161 1
1436 0.079431 0
1440 0.133445 1
1451 0.092140 1
1457 0.149331 1
1464 0.241472 1
1466 0.168395 1
1477 0.950000 0
1477 0.038127 1
1478 0.044482 1
1483 0.000000 0
1483 0.924582 1
1485 0.050836 1
1485 0.333612 0
1495 0.098495 1
1503 0.063545 1
1505 0.041304 1
1511 0.282776 0
1514 0.038127 1
1514 0.044482 1
1516 0.266890 1
1519 0.098495 1
1528 0.044482 1
1531 0.000000 1
1532 0.069900 1
1544 0.000000 1
1546 0.231940 1
1548 0.044482 1
1548 0.000000 0
1549 0.165217 1
1556 0.044482 1
1556 0.625920 1
1557 0.000000 0
1563 0.314548 1
1569 0.146154 0
1575 0.038127 1
1576 0.038127 1
1581 0.085786 1
1584 0.117559 0
1588 0.660870 1
1594 0.120736 1
1597 0.775251 1
1617 0.950000 0
1625 0.098495 1
1628 0.114381 1
1631 0.950000 1
1637 0.416221 0
1639 0.950000 0
1641 0.114381 1
1647 0.082609 0
1648 0.428930 1
1649 0.352676 1
1649 0.444816 0
1649 0.393980 1
1657 0.876923 1
1658 0.025418 0
1660 0.158863 1
1667 0.000000 1
1667 0.022241 0
1671 0.101672 1
1672 0.041304 1
1672 0.044482 0
1676 0.003177 0
1681 0.603679 1
1681 0.133445 1
1696 0.069900 1
1719 0.044482 1
1720 0.028595 1
1723 0.165217 1
1737 0.003177 1
1739 0.000000 1
1740 0.050836 1
1751 0.114381 1
1792 0.101672 1
1799 0.082609 0
1809 0.127090 1
1817 0.235117 1
1820 0.101672 1
1821 0.006355 1
1826 0.950000 1
1830 0.120736 1
1835 0.022241 1
1855 0.095318 1
1858 0.047659 1
1861 0.006355 1
1863 0.114381 1
1882 0.864214 1
1883 0.200167 1
1887 0.123913 1
1889 0.022241 1
1897 0.047659 0
1898 0.251003 1