50
96 9
79 126
19 178
76 72
148 108
24 174
129 174
145 182
121 39
72 69
69 145
156 182
163 29
113 124
89 167
158 184
128 189
61 146
166 136
170 113
44 193
86 124
118 182
57 39
21 128
59 89
24 166
22 138
194 134
61 83
101 171
18 28
159 79
125 124
166 46
188 161
38 73
36 108
55 93
146 27
172 4
115 148
121 88
85 114
22 98
148 122
68 118
101 178
196 177
53 113
2 4 533 1 16 70 1
7 523 1678 0 11 6 2
7 527 1624 0 170 149 3
7 637 1975 0 163 177 4
8 61 1890 0 77 69 5
10 157 1110 1 140 48 6
13 524 1708 0 60 108 7
14 81 414 1 97 76 8
19 26 836 1 67 173 9
19 280 1019 0 22 41 10
22 24 941 1 111 90 11
26 90 1352 1 11 127 12
28 223 1770 1 12 189 13
47 23 161 1 18 42 14
49 1 145 1 132 17 15
49 81 1639 1 135 166 16
51 616 1935 0 104 128 17
52 555 1812 1 185 157 18
54 12 1395 1 144 100 19
54 404 1498 1 124 124 20
63 116 576 1 32 198 21
68 8 99 1 116 166 22
83 108 784 0 70 166 23
92 5 164 1 155 61 24
94 127 604 1 135 122 25
95 45 374 1 62 77 26
95 287 1039 1 170 67 27
98 15 1422 1 121 104 28
98 30 1317 1 14 54 29
98 253 1542 1 77 139 30
109 12 566 1 191 130 31
109 36 269 1 117 96 32
115 382 1922 1 31 126 33
117 44 1040 1 48 50 34
125 85 1445 1 72 81 35
126 133 843 1 97 38 36
134 7 315 0 166 4 37
134 26 363 1 133 151 38
135 137 1538 1 130 175 39
139 240 1544 1 8 53 40
140 36 898 0 72 47 41
140 100 470 1 4 186 42
143 4 791 1 138 37 43
159 28 256 1 21 118 44
159 548 1917 1 169 132 45
161 98 758 1 193 135 46
164 124 1553 0 163 32 47
166 1 190 1 121 60 48
169 6 278 1 143 136 49
175 71 506 1 24 92 50
175 87 476 1 171 179 51
175 92 1568 0 162 44 52
180 97 696 0 42 26 53
184 28 1973 1 85 44 54
187 200 1733 1 85 58 55
195 3 1110 0 42 92 56
196 526 1848 0 147 156 57
200 88 662 1 90 72 58
205 265 1467 1 185 14 59
210 34 553 0 140 112 60
210 52 509 1 53 94 61
211 43 367 1 69 193 62
215 47 371 1 51 27 63
224 8 816 1 198 79 64
225 77 1653 1 6 4 65
228 78 1265 0 147 15 66
229 546 1896 1 80 87 67
230 1 274 1 19 134 68
250 13 538 1 168 68 69
256 445 1944 1 97 132 70
268 185 1185 0 69 79 71
278 28 761 1 5 131 72
278 200 1472 1 108 30 73
279 41 628 1 102 124 74
280 31 761 0 27 132 75
280 36 1636 1 46 150 76
281 101 1184 0 193 180 77
282 365 1558 1 90 95 78
283 362 1712 1 154 125 79
287 103 1302 1 91 178 80
289 187 1197 0 186 103 81
290 139 1922 0 59 153 82
295 62 508 1 164 171 83
299 74 737 1 148 92 84
299 193 1344 0 88 49 85
303 122 712 1 48 92 86
305 24 1894 1 157 162 87
308 72 1953 1 94 18 88
312 352 1920 1 5 179 89
317 447 1764 1 170 14 90
320 236 1214 0 104 177 91
332 2 396 1 96 88 92
338 26 496 0 143 146 93
338 145 1215 1 96 177 94
339 320 1661 1 130 180 95
340 128 1359 1 90 192 96
343 23 490 1 123 78 97
346 237 1122 1 169 74 98
347 31 1797 1 128 54 99
348 5 507 0 197 137 100
352 222 1530 1 177 11 101
363 39 530 1 37 48 102
363 74 693 1 68 128 103
364 66 708 0 37 33 104
375 162 1670 1 59 35 105
377 66 951 0 172 26 106
380 45 1111 0 194 22 107
385 17 1295 0 117 181 108
385 87 875 1 185 166 109
392 51 1771 1 64 145 110
396 264 1641 0 37 40 111
406 89 797 1 154 153 112
413 253 1496 1 191 131 113
414 8 825 1 8 98 114
422 157 1404 1 80 28 115
422 317 1780 0 184 151 116
426 201 1284 0 29 16 117
431 50 685 1 178 136 118
436 73 759 0 55 155 119
437 9 773 0 150 8 120
438 1 447 1 135 2 121
444 180 1145 1 40 21 122
452 74 1260 1 109 117 123
455 127 891 1 154 103 124
456 16 814 1 137 101 125
465 294 1785 1 62 59 126
469 5 487 0 80 38 127
469 120 1485 0 178 55 128
473 65 808 1 16 29 129
482 19 838 0 5 42 130
482 154 1684 1 39 167 131
488 35 936 1 28 171 132
489 27 1161 1 74 168 133
490 86 1147 0 100 73 134
494 167 1360 1 117 94 135
495 33 974 1 31 144 136
500 219 1244 1 20 101 137
516 98 1226 1 114 183 138
520 45 674 1 192 6 139
523 297 1929 0 116 46 140
526 269 1580 1 169 97 141
530 101 1416 1 85 14 142
533 20 712 1 128 12 143
539 186 1276 1 141 93 144
543 61 989 1 21 190 145
547 67 952 1 100 78 146
551 27 666 0 138 56 147
555 24 1033 1 150 174 148
561 39 937 1 182 142 149
564 9 637 1 199 185 150
565 11 604 1 187 21 151
566 152 1068 1 161 180 152
569 177 1423 0 144 95 153
574 14 793 1 69 7 154
579 401 1851 1 192 72 155
582 141 1052 0 1 46 156
583 8 624 1 125 123 157
596 38 1952 1 173 188 158
601 3 614 1 30 62 159
611 225 1378 1 1 136 160
621 1 972 0 158 128 161
624 1 633 1 140 50 162
633 88 1276 1 89 150 163
634 66 1289 1 62 89 164
637 57 873 1 19 54 165
642 293 1822 1 116 52 166
643 269 1621 1 152 117 167
644 8 1280 1 78 26 168
650 104 1004 0 158 46 169
657 36 1409 1 176 12 170
660 152 1161 0 179 105 171
663 38 781 1 180 83 172
664 12 897 1 168 168 173
667 217 1546 1 153 75 174
672 222 1778 0 38 200 175
676 100 1184 1 147 65 176
685 20 907 1 89 137 177
689 36 1699 1 3 196 178
695 177 1301 1 72 99 179
696 146 1588 1 82 14 180
700 267 1930 1 121 21 181
701 14 755 0 18 90 182
705 145 1252 1 50 119 183
708 37 838 1 105 120 184
710 39 1000 1 190 56 185
717 132 1753 0 162 50 186
724 120 1392 1 68 93 187
726 315 1807 0 197 52 188
729 8 883 0 15 132 189
733 139 1567 1 149 160 190
735 289 1780 1 6 45 191
739 81 1907 0 129 145 192
748 20 862 1 145 73 193
750 26 1375 1 148 10 194
750 158 1482 1 48 143 195
753 94 1666 1 31 97 196
758 148 1237 1 63 178 197
766 32 951 0 79 21 198
767 30 912 1 17 189 199
777 36 1801 1 169 105 200
780 85 1205 1 144 56 201
784 54 1081 0 124 67 202
804 181 1428 1 54 66 203
808 158 1404 1 144 29 204
810 99 1397 1 161 175 205
811 72 1219 1 65 170 206
812 45 1120 0 192 113 207
814 21 1237 0 2 85 208
815 141 1806 1 152 89 209
820 68 1455 0 130 184 210
829 32 994 1 181 49 211
836 3 894 1 107 198 212
837 189 1581 1 178 23 213
841 50 1548 1 61 173 214
845 86 1193 0 118 70 215
852 29 1293 1 88 123 216
854 10 990 1 124 145 217
856 19 1530 0 156 186 218
864 110 1540 0 52 80 219
872 185 1606 1 163 186 220
873 3 888 0 104 39 221
873 9 981 1 20 58 222
877 44 1845 1 16 73 223
879 55 1088 1 193 125 224
883 59 1343 0 144 1 225
888 75 1728 1 144 125 226
899 24 1129 1 92 198 227
899 268 1817 1 81 80 228
904 92 1243 1 8 3 229
909 174 1603 0 154 81 230
910 14 1025 1 49 177 231
911 1 1781 1 172 54 232
916 93 1635 1 175 200 233
919 30 1041 0 161 73 234
923 26 1377 1 89 72 235
926 113 1444 1 174 28 236
933 210 1832 1 160 179 237
933 226 1935 1 149 189 238
935 130 1694 1 45 88 239
936 10 1410 1 30 192 240
951 6 1016 1 65 200 241
955 79 1414 0 8 68 242
955 266 1877 0 83 40 243
956 31 1307 1 131 21 244
957 4 983 0 88 146 245
963 178 1645 0 32 185 246
966 120 1805 1 123 174 247
969 27 1462 0 116 23 248
972 164 1871 1 183 117 249
973 26 1072 1 85 145 250
988 2 1278 1 177 109 251
993 33 1455 1 120 48 252
995 51 1319 1 127 23 253
999 40 1260 1 155 73 254
999 123 1445 1 188 184 255
1003 41 1258 1 137 89 256
1010 106 1393 1 133 130 257
1014 218 1895 1 179 105 258
1015 48 1182 1 97 79 259
1018 120 1840 1 104 89 260
1019 60 1345 1 93 5 261
1026 150 1690 1 31 164 262
1038 135 1585 1 152 151 263
1040 36 1992 1 108 155 264
1043 57 1357 0 134 151 265
1046 275 1914 1 17 14 266
1062 7 1198 0 118 134 267
1068 19 1919 1 115 23 268
1071 66 1369 0 152 123 269
1077 104 1846 0 130 100 270
1078 2 1230 0 53 67 271
1079 82 1341 1 185 29 272
1082 56 1637 1 164 37 273
1083 25 1550 0 43 127 274
1086 46 1276 1 143 48 275
1098 190 1885 1 196 117 276
1103 69 1391 1 45 65 277
1108 25 1591 0 94 178 278
1113 1 1132 1 35 184 279
1113 232 1956 0 109 135 280
1114 137 1770 1 30 142 281
1117 6 1189 1 120 184 282
1123 144 1661 1 60 195 283
1127 7 1214 1 4 36 284
1133 14 1202 1 160 60 285
1133 132 1727 0 64 168 286
1135 61 1660 1 159 145 287
1135 83 1495 1 100 32 288
1137 58 1793 1 133 135 289
1137 93 1717 1 183 147 290
1146 17 1208 1 178 136 291
1148 58 1732 1 176 48 292
1159 5 1182 1 87 7 293
1163 27 1477 1 89 20 294
1165 147 1698 1 120 79 295
1167 162 1757 1 12 136 296
1174 3 1190 1 162 156 297
1177 2 1270 1 96 19 298
1177 25 1274 0 87 84 299
1180 86 1536 1 104 117 300
1185 73 1579 0 165 102 301
1188 100 1897 1 33 92 302
1189 6 1248 1 93 30 303
1201 100 1514 1 115 175 304
1203 95 1858 1 42 93 305
1206 24 1293 1 123 182 306
1210 29 1515 0 67 48 307
1214 1 1290 0 80 96 308
1223 13 1403 1 41 138 309
1226 24 1611 0 52 32 310
1226 46 1549 1 147 20 311
1227 42 1591 1 70 126 312
1233 23 1643 0 173 20 313
1236 47 1521 1 110 128 314
1237 2 1247 1 100 191 315
1237 56 1970 0 10 103 316
1240 8 1445 1 114 129 317
1248 53 1475 1 13 171 318
1263 12 1999 1 133 40 319
1265 28 1511 1 22 187 320
1265 97 1750 0 98 156 321
1266 103 1887 1 34 85 322
1267 3 1318 1 12 12 323
1268 55 1451 1 32 98 324
1269 76 1517 1 90 115 325
1275 99 1771 1 127 37 326
1279 22 1433 1 77 122 327
1292 11 1344 1 150 141 328
1299 89 1920 1 6 48 329
1301 40 1523 1 109 143 330
1315 1 1645 1 68 93 331
1315 53 1499 1 34 81 332
1322 67 1957 1 193 152 333
1326 2 1357 1 130 62 334
1329 16 1516 1 172 140 335
1330 34 1960 1 67 134 336
1332 36 1794 1 147 162 337
1349 118 1796 0 36 26 338
1354 6 1873 1 173 9 339
1361 81 1836 1 160 6 340
1362 3 1388 1 183 178 341
1378 28 1754 1 87 116 342
1384 39 1724 1 77 27 343
1384 45 1898 0 109 12 344
1388 57 1874 0 82 79 345
1399 35 1615 1 33 87 346
1402 30 1628 1 58 10 347
1409 65 1749 1 131 124 348
1411 69 1802 0 137 47 349
1428 36 1548 1 103 102 350
1436 16 1517 0 40 74 351
1437 35 1622 1 89 136 352
1442 53 1710 1 112 109 353
1447 35 1972 1 130 75 354
1448 85 1979 1 156 105 355
1451 47 1774 1 168 126 356
1452 1 1462 1 118 9 357
1454 58 1749 1 162 76 358
1455 3 1471 1 97 12 359
1455 3 1489 1 152 147 360
1457 31 1763 0 7 43 361
1457 40 1697 1 24 40 362
1469 21 1979 1 101 94 363
1472 6 1525 0 189 153 364
1477 87 1938 1 33 64 365
1479 25 1607 1 160 106 366
1482 54 1872 1 1 188 367
1484 6 1592 1 57 11 368
1486 31 1663 0 40 160 369
1497 30 1591 1 117 123 370
1502 32 1679 0 117 168 371
1502 84 1760 1 158 191 372
1504 91 1963 1 54 198 373
1505 25 1813 1 197 191 374
1506 20 1611 1 176 119 375
1506 121 1886 1 110 144 376
1509 135 1965 1 12 195 377
1525 52 1924 1 36 38 378
1527 15 1589 1 187 182 379
1531 17 1648 1 175 122 380
1534 51 1772 1 150 42 381
1546 14 1667 1 5 32 382
1549 113 1928 1 81 145 383
1550 77 1802 1 6 14 384
1554 5 1614 1 68 195 385
1554 99 1998 1 7 129 386
1555 12 1614 0 181 160 387
1558 17 1993 0 92 17 388
1559 21 1757 1 127 50 389
1564 101 1874 1 136 153 390
1574 18 1719 1 144 70 391
1575 55 1751 1 97 89 392
1578 10 1810 1 86 31 393
1578 17 1653 0 54 49 394
1579 23 1946 1 17 18 395
1592 3 1603 1 119 140 396
1593 4 1694 0 93 138 397
1606 103 1960 1 17 83 398
1610 28 1976 0 195 198 399
1617 15 1696 1 38 113 400
1621 24 1726 0 143 188 401
1624 73 1870 1 180 144 402
1628 1 1631 1 64 13 403
1629 2 1641 1 134 118 404
1632 19 1924 0 44 170 405
1633 29 1768 1 56 163 406
1636 47 1871 1 25 79 407
1637 11 1687 1 145 72 408
1638 5 1729 1 6 74 409
1638 55 1814 1 192 75 410
1642 41 1828 0 121 35 411
1643 41 1999 1 131 17 412
1649 19 1720 1 139 131 413
1651 15 1743 0 139 19 414
1663 2 1849 1 93 184 415
1665 14 1879 0 62 140 416
1667 16 1782 1 104 178 417
1667 68 1896 1 101 138 418
1671 10 1776 1 50 4 419
1674 1 1973 1 27 95 420
1674 8 1963 0 92 125 421
1674 51 1848 1 145 46 422
1675 37 1796 1 143 155 423
1677 17 1976 1 83 163 424
1677 97 1975 1 147 37 425
1678 39 1930 0 72 17 426
1684 64 1914 0 28 194 427
1685 68 1898 1 46 56 428
1687 2 1706 1 194 174 429
1689 27 1873 1 40 174 430
1693 2 1795 0 18 183 431
1693 21 1772 1 171 21 432
1702 33 1965 0 162 8 433
1710 10 1756 1 67 85 434
1713 48 1864 0 43 189 435
1719 70 1958 1 180 181 436
1728 4 1820 1 51 136 437
1730 1 1991 1 136 21 438
1733 23 1944 0 187 110 439
1751 13 1954 1 142 104 440
1751 25 1837 1 35 115 441
1754 7 1989 1 17 136 442
1757 16 1819 0 118 191 443
1759 31 1947 1 3 2 444
1760 1 1769 1 8 89 445
1763 29 1961 1 194 120 446
1774 12 1841 1 83 64 447
1778 7 1853 0 162 6 448
1778 26 1885 1 126 186 449
1782 63 1986 0 3 25 450
1784 42 1946 1 44 8 451
1794 19 1929 0 117 42 452
1797 13 1855 1 99 116 453
1805 1 1834 0 103 2 454
1808 2 1818 1 161 47 455
1809 4 1851 0 172 114 456
1820 11 1858 1 91 46 457
1824 35 1991 1 167 85 458
1826 9 1930 1 170 47 459
1830 2 1851 1 102 161 460
1838 1 1856 0 130 93 461
1842 16 1907 1 152 152 462
1851 20 1992 1 6 11 463
1855 6 1996 1 133 166 464
1856 2 1937 1 6 199 465
1866 6 1894 1 170 147 466
1866 13 1926 1 27 126 467
1872 12 1998 1 184 98 468
1872 22 1981 1 87 172 469
1883 2 1936 1 69 83 470
1884 1 1893 1 121 79 471
1884 4 1911 1 52 107 472
1885 6 1936 1 195 81 473
1885 21 1950 1 181 57 474
1888 7 1940 1 80 140 475
1890 23 1997 1 101 148 476
1893 15 1946 1 10 140 477
1894 3 1929 1 28 146 478
1895 7 1928 0 127 153 479
1898 15 1970 1 83 53 480
1905 9 1970 1 28 123 481
1909 1 1988 0 132 14 482
1909 2 1920 0 106 3 483
1915 8 1975 1 86 43 484
1916 9 1947 1 58 5 485
1919 4 1967 1 123 154 486
1930 13 1974 1 122 67 487
1931 11 1998 1 8 140 488
1939 5 1957 1 152 61 489
1944 1 1951 1 179 151 490
1944 1 1953 1 169 79 491
1946 12 1997 0 29 96 492
1956 2 1976 0 5 190 493
1966 1 1971 1 29 49 494
1969 3 1980 1 200 81 495
1983 4 2000 1 66 200 496
1987 1 1991 0 41 89 497
1987 1 1997 1 22 139 498
1991 2 1997 1 115 184 499
1992 1 1997 1 82 60 500
