50
96 9
79 126
19 178
76 72
148 108
24 174
129 174
145 182
121 39
72 69
69 145
156 182
163 29
113 124
89 167
158 184
128 189
61 146
166 136
170 113
44 193
86 124
118 182
57 39
21 128
59 89
24 166
22 138
194 134
61 83
101 171
18 28
159 79
125 124
166 46
188 161
38 73
36 108
55 93
146 27
172 4
115 148
121 88
85 114
22 98
148 122
68 118
101 178
196 177
53 113
2 267 533 0 16 70 1
7 1063 1624 0 170 149 2
7 1088 1678 0 11 6 3
7 1292 1975 0 163 177 4
8 970 1890 0 77 69 5
10 625 1110 0 140 48 6
13 1100 1708 0 60 108 7
14 239 414 0 97 76 8
19 420 836 1 67 173 9
19 635 1019 0 22 41 10
22 470 941 0 111 90 11
26 706 1352 1 11 127 12
28 978 1770 0 12 189 13
47 67 161 1 18 42 14
49 47 145 0 132 17 15
49 833 1639 0 135 166 16
51 1239 1935 0 104 128 17
52 1148 1812 0 185 157 18
54 674 1395 1 144 100 19
54 916 1498 1 124 124 20
63 311 576 0 32 198 21
68 19 99 1 116 166 22
83 402 784 0 70 166 23
92 38 164 0 155 61 24
94 315 604 1 135 122 25
95 160 374 1 62 77 26
95 610 1039 0 170 67 27
98 624 1317 0 14 54 28
98 669 1422 1 121 104 29
98 844 1542 0 77 139 30
109 96 269 0 117 96 31
109 233 566 0 191 130 32
115 1088 1922 0 31 126 33
117 481 1040 0 48 50 34
125 701 1445 0 72 81 35
126 421 843 1 97 38 36
134 93 315 0 166 4 37
134 126 363 0 133 151 38
135 766 1538 1 130 175 39
139 818 1544 1 8 53 40
140 213 470 1 4 186 41
140 396 898 0 72 47 42
143 325 791 1 138 37 43
159 60 256 1 21 118 44
159 1143 1917 0 169 132 45
161 345 758 0 193 135 46
164 754 1553 0 163 32 47
166 11 190 1 121 60 48
169 56 278 1 143 136 49
175 191 476 1 171 179 50
175 199 506 1 24 92 51
175 740 1568 0 162 44 52
180 303 696 0 42 26 53
184 907 1973 0 85 44 54
187 869 1733 0 85 58 55
195 457 1110 0 42 92 56
196 1080 1848 0 147 156 57
200 273 662 1 90 72 58
205 758 1467 0 185 14 59
210 173 509 0 53 94 60
210 186 553 0 140 112 61
211 97 367 1 69 193 62
215 100 371 0 51 27 63
224 299 816 1 198 79 64
225 750 1653 1 6 4 65
228 555 1265 0 147 15 66
229 1097 1896 0 80 87 67
230 22 274 1 19 134 68
250 149 538 0 168 68 69
256 1059 1944 0 97 132 70
268 547 1185 0 69 79 71
278 255 761 1 5 131 72
278 693 1472 1 108 30 73
279 192 628 0 102 124 74
280 255 761 0 27 132 75
280 694 1636 0 46 150 76
281 500 1184 0 193 180 77
282 813 1558 0 90 95 78
283 889 1712 0 154 125 79
287 557 1302 0 91 178 80
289 544 1197 0 186 103 81
290 883 1922 0 59 153 82
295 135 508 1 164 171 83
299 254 737 0 148 92 84
299 615 1344 0 88 49 85
303 262 712 0 48 92 86
305 805 1894 1 157 162 87
308 857 1953 0 94 18 88
312 973 1920 0 5 179 89
317 940 1764 1 170 14 90
320 561 1214 0 104 177 91
332 32 396 0 96 88 92
338 91 496 0 143 146 93
338 508 1215 0 96 177 94
339 815 1661 1 130 180 95
340 570 1359 1 90 192 96
343 83 490 1 123 78 97
346 502 1122 0 169 74 98
347 739 1797 0 128 54 99
348 80 507 0 197 137 100
352 695 1530 0 177 11 101
363 101 530 0 37 48 102
363 199 693 1 68 128 103
364 203 708 0 37 33 104
375 725 1670 0 59 35 105
377 318 951 0 172 26 106
380 386 1111 0 194 22 107
385 286 875 0 185 166 108
385 462 1295 0 117 181 109
392 713 1771 1 64 145 110
396 749 1641 0 37 40 111
406 237 797 1 154 153 112
413 663 1496 0 191 131 113
414 208 825 1 8 98 114
422 566 1404 0 80 28 115
422 832 1780 0 184 151 116
426 525 1284 0 29 16 117
431 151 685 0 178 136 118
436 196 759 0 55 155 119
437 171 773 0 150 8 120
438 3 447 0 135 2 121
444 436 1145 0 40 21 122
452 439 1260 0 109 117 123
455 279 891 1 154 103 124
456 185 814 1 137 101 125
465 801 1785 1 62 59 126
469 10 487 0 80 38 127
469 565 1485 0 178 55 128
473 198 808 0 16 29 129
482 186 838 0 5 42 130
482 675 1684 1 39 167 131
488 240 936 0 28 171 132
489 348 1161 0 74 168 133
490 369 1147 0 100 73 134
494 513 1360 0 117 94 135
495 254 974 1 31 144 136
500 478 1244 1 20 101 137
516 401 1226 0 114 183 138
520 97 674 1 192 6 139
523 846 1929 0 116 46 140
526 656 1580 0 169 97 141
530 491 1416 1 85 14 142
533 99 712 0 128 12 143
539 458 1276 0 141 93 144
543 251 989 0 21 190 145
547 234 952 0 100 78 146
551 70 666 0 138 56 147
555 249 1033 1 150 174 148
561 205 937 1 182 142 149
564 39 637 1 199 185 150
565 24 604 1 187 21 151
566 324 1068 1 161 180 152
569 512 1423 0 144 95 153
574 115 793 1 69 7 154
579 829 1851 1 192 72 155
582 302 1052 0 1 46 156
583 23 624 1 125 123 157
596 696 1952 0 173 188 158
601 7 614 0 30 62 159
611 492 1378 0 1 136 160
621 174 972 0 158 128 161
624 3 633 1 140 50 162
633 362 1276 1 89 150 163
634 358 1289 0 62 89 164
637 144 873 0 19 54 165
642 730 1822 1 116 52 166
643 618 1621 1 152 117 167
644 321 1280 0 78 26 168
650 227 1004 0 158 46 169
657 392 1409 0 176 12 170
660 322 1161 0 179 105 171
663 76 781 0 180 83 172
664 121 897 0 168 168 173
667 543 1546 1 153 75 174
672 659 1778 0 38 200 175
676 301 1184 0 147 65 176
685 119 907 0 89 137 177
689 522 1699 1 3 196 178
695 388 1301 1 72 99 179
696 515 1588 1 82 14 180
700 743 1930 1 121 21 181
701 33 755 0 18 90 182
705 342 1252 0 50 119 183
708 81 838 0 105 120 184
710 163 1000 1 190 56 185
717 580 1753 0 162 50 186
724 391 1392 1 68 93 187
726 692 1807 0 197 52 188
729 79 883 0 15 132 189
733 483 1567 1 149 160 190
735 661 1780 0 6 45 191
739 622 1907 0 129 145 192
748 65 862 1 145 73 193
750 323 1375 0 148 10 194
750 441 1482 1 48 143 195
753 500 1666 0 31 97 196
758 310 1237 0 63 178 197
766 107 951 0 79 21 198
767 87 912 1 17 189 199
777 528 1801 1 169 105 200
780 252 1205 0 144 56 201
784 173 1081 0 124 67 202
804 398 1428 1 54 66 203
808 373 1404 1 144 29 204
810 340 1397 1 161 175 205
811 237 1219 0 65 170 206
812 175 1120 0 192 113 207
814 221 1237 0 2 85 208
815 563 1806 0 152 89 209
820 349 1455 0 130 184 210
829 97 994 0 181 49 211
836 30 894 1 107 198 212
837 462 1581 0 178 23 213
841 376 1548 1 61 173 214
845 215 1193 0 118 70 215
852 233 1293 0 88 123 216
854 72 990 1 124 145 217
856 345 1530 0 156 186 218
864 390 1540 0 52 80 219
872 456 1606 1 163 186 220
873 7 888 0 104 39 221
873 57 981 1 20 58 222
877 504 1845 1 16 73 223
879 129 1088 1 193 125 224
883 257 1343 0 144 1 225
888 455 1728 1 144 125 226
899 126 1129 1 92 198 227
899 588 1817 1 81 80 228
904 213 1243 0 8 3 229
909 429 1603 0 154 81 230
910 63 1025 1 49 177 231
911 435 1781 0 172 54 232
916 404 1635 1 175 200 233
919 74 1041 0 161 73 234
923 239 1377 0 89 72 235
926 313 1444 0 174 28 236
933 550 1832 0 160 179 237
933 609 1935 1 149 189 238
935 442 1694 0 45 88 239
936 240 1410 0 30 192 240
951 34 1016 1 65 200 241
955 267 1414 0 8 68 242
955 589 1877 0 83 40 243
956 190 1307 0 131 21 244
957 13 983 0 88 146 245
963 426 1645 0 32 185 246
966 476 1805 1 123 174 247
969 258 1462 0 116 23 248
972 527 1871 0 183 117 249
973 61 1072 1 85 145 250
988 145 1278 0 177 109 251
993 245 1455 0 120 48 252
995 186 1319 0 127 23 253
999 148 1260 0 155 73 254
999 281 1445 0 188 184 255
1003 146 1258 1 137 89 256
1010 242 1393 1 133 130 257
1014 545 1895 1 179 105 258
1015 106 1182 0 97 79 259
1018 468 1840 0 104 89 260
1019 191 1345 0 93 5 261
1026 403 1690 0 31 164 262
1038 337 1585 1 152 151 263
1040 493 1992 1 108 155 264
1043 184 1357 0 134 151 265
1046 567 1914 1 17 14 266
1062 69 1198 0 118 134 267
1068 433 1919 1 115 23 268
1071 179 1369 0 152 123 269
1077 433 1846 0 130 100 270
1078 76 1230 0 53 67 271
1079 170 1341 0 185 29 272
1082 304 1637 1 164 37 273
1083 244 1550 0 43 127 274
1086 116 1276 0 143 48 275
1098 484 1885 0 196 117 276
1103 177 1391 0 45 65 277
1108 252 1591 0 94 178 278
1113 8 1132 1 35 184 279
1113 532 1956 0 109 135 280
1114 393 1770 0 30 142 281
1117 38 1189 0 120 184 282
1123 337 1661 0 60 195 283
1127 46 1214 0 4 36 284
1133 41 1202 0 160 60 285
1133 360 1727 0 64 168 286
1135 219 1495 0 100 32 287
1135 291 1660 0 159 145 288
1137 333 1717 0 183 147 289
1137 355 1793 1 133 135 290
1146 37 1208 1 178 136 291
1148 319 1732 0 176 48 292
1159 13 1182 0 87 7 293
1163 169 1477 0 89 20 294
1165 337 1698 0 120 79 295
1167 372 1757 1 12 136 296
1174 8 1190 0 162 156 297
1177 46 1270 0 96 19 298
1177 59 1274 0 87 84 299
1180 218 1536 1 104 117 300
1185 231 1579 0 165 102 301
1188 401 1897 0 33 92 302
1189 31 1248 1 93 30 303
1201 204 1514 0 115 175 304
1203 372 1858 0 42 93 305
1206 54 1293 1 123 182 306
1210 165 1515 0 67 48 307
1214 38 1290 0 80 96 308
1223 95 1403 1 41 138 309
1226 183 1549 1 147 20 310
1226 203 1611 0 52 32 311
1227 200 1591 0 70 126 312
1233 215 1643 0 173 20 313
1236 164 1521 1 110 128 314
1237 5 1247 1 100 191 315
1237 393 1970 0 10 103 316
1240 105 1445 0 114 129 317
1248 137 1475 0 13 171 318
1263 372 1999 1 133 40 319
1265 136 1511 0 22 187 320
1265 289 1750 0 98 156 321
1266 359 1887 0 34 85 322
1267 26 1318 0 12 12 323
1268 118 1451 0 32 98 324
1269 159 1517 1 90 115 325
1275 294 1771 1 127 37 326
1279 86 1433 0 77 122 327
1292 30 1344 0 150 141 328
1299 352 1920 1 6 48 329
1301 130 1523 0 109 143 330
1315 117 1499 0 34 81 331
1315 164 1645 1 68 93 332
1322 349 1957 1 193 152 333
1326 15 1357 1 130 62 334
1329 99 1516 0 172 140 335
1330 330 1960 0 67 134 336
1332 247 1794 0 147 162 337
1349 280 1796 0 36 26 338
1354 261 1873 1 173 9 339
1361 276 1836 1 160 6 340
1362 13 1388 1 183 178 341
1378 201 1754 0 87 116 342
1384 188 1724 0 77 27 343
1384 278 1898 0 109 12 344
1388 270 1874 0 82 79 345
1399 123 1615 1 33 87 346
1402 126 1628 0 58 10 347
1409 201 1749 1 131 124 348
1411 228 1802 0 137 47 349
1428 76 1548 1 103 102 350
1436 48 1517 0 40 74 351
1437 108 1622 0 89 136 352
1442 159 1710 1 112 109 353
1447 278 1972 0 130 75 354
1448 306 1979 0 156 105 355
1451 184 1774 1 168 126 356
1452 4 1462 1 118 9 357
1454 175 1749 0 162 76 358
1455 8 1471 0 97 12 359
1455 16 1489 0 152 147 360
1457 138 1697 1 24 40 361
1457 167 1763 0 7 43 362
1469 265 1979 1 101 94 363
1472 29 1525 0 189 153 364
1477 272 1938 1 33 64 365
1479 74 1607 1 160 106 366
1482 219 1872 0 1 188 367
1484 56 1592 0 57 11 368
1486 102 1663 0 40 160 369
1497 60 1591 0 117 123 370
1502 103 1679 0 117 168 371
1502 169 1760 1 158 191 372
1504 272 1963 1 54 198 373
1505 165 1813 0 197 191 374
1506 60 1611 0 176 119 375
1506 247 1886 1 110 144 376
1509 292 1965 0 12 195 377
1525 223 1924 0 36 38 378
1527 37 1589 1 187 182 379
1531 66 1648 0 175 122 380
1534 143 1772 1 150 42 381
1546 66 1667 0 5 32 382
1549 243 1928 0 81 145 383
1550 163 1802 0 6 14 384
1554 30 1614 1 68 195 385
1554 268 1998 0 7 129 386
1555 34 1614 0 181 160 387
1558 225 1993 0 92 17 388
1559 108 1757 0 127 50 389
1564 202 1874 0 136 153 390
1574 80 1719 0 144 70 391
1575 113 1751 0 97 89 392
1578 44 1653 0 54 49 393
1578 119 1810 0 86 31 394
1579 193 1946 1 17 18 395
1592 6 1603 1 119 140 396
1593 51 1694 0 93 138 397
1606 226 1960 0 17 83 398
1610 196 1976 0 195 198 399
1617 45 1696 0 38 113 400
1621 63 1726 0 143 188 401
1624 157 1870 0 180 144 402
1628 1 1631 0 64 13 403
1629 5 1641 0 134 118 404
1632 153 1924 0 44 170 405
1633 80 1768 1 56 163 406
1636 139 1871 1 25 79 407
1637 29 1687 1 145 72 408
1638 46 1729 0 6 74 409
1638 113 1814 0 192 75 410
1642 112 1828 0 121 35 411
1643 197 1999 0 131 17 412
1649 44 1720 0 139 131 413
1651 52 1743 0 139 19 414
1663 93 1849 0 93 184 415
1665 112 1879 0 62 140 416
1667 65 1782 0 104 178 417
1667 147 1896 1 101 138 418
1671 55 1776 1 50 4 419
1674 110 1848 1 145 46 420
1674 147 1963 0 92 125 421
1674 148 1973 1 27 95 422
1675 77 1796 0 143 155 423
1677 156 1976 1 83 163 424
1677 194 1975 0 147 37 425
1678 144 1930 0 72 17 426
1684 145 1914 0 28 194 427
1685 139 1898 0 46 56 428
1687 9 1706 0 194 174 429
1689 103 1873 1 40 174 430
1693 49 1772 1 171 21 431
1693 51 1795 0 18 183 432
1702 146 1965 0 162 8 433
1710 26 1756 0 67 85 434
1713 97 1864 0 43 189 435
1719 152 1958 1 180 181 436
1728 46 1820 1 51 136 437
1730 130 1991 0 136 21 438
1733 116 1944 0 187 110 439
1751 55 1837 1 35 115 440
1751 107 1954 1 142 104 441
1754 120 1989 0 17 136 442
1757 38 1819 0 118 191 443
1759 108 1947 0 3 2 444
1760 4 1769 1 8 89 445
1763 113 1961 1 194 120 446
1774 38 1841 0 83 64 447
1778 40 1853 0 162 6 448
1778 66 1885 0 126 186 449
1782 131 1986 0 3 25 450
1784 101 1946 0 44 8 451
1794 75 1929 0 117 42 452
1797 34 1855 1 99 116 453
1805 14 1834 0 103 2 454
1808 5 1818 0 161 47 455
1809 21 1851 0 172 114 456
1820 23 1858 0 91 46 457
1824 99 1991 0 167 85 458
1826 56 1930 0 170 47 459
1830 10 1851 0 102 161 460
1838 9 1856 0 130 93 461
1842 38 1907 1 152 152 462
1851 79 1992 0 6 11 463
1855 72 1996 1 133 166 464
1856 41 1937 0 6 199 465
1866 15 1894 0 170 147 466
1866 34 1926 1 27 126 467
1872 64 1981 0 87 172 468
1872 67 1998 0 184 98 469
1883 27 1936 1 69 83 470
1884 3 1893 1 121 79 471
1884 13 1911 0 52 107 472
1885 27 1936 0 195 81 473
1885 41 1950 1 181 57 474
1888 28 1940 1 80 140 475
1890 63 1997 1 101 148 476
1893 32 1946 1 10 140 477
1894 18 1929 1 28 146 478
1895 19 1928 0 127 153 479
1898 42 1970 0 83 53 480
1905 35 1970 0 28 123 481
1909 5 1920 0 106 3 482
1909 39 1988 0 132 14 483
1915 33 1975 0 86 43 484
1916 19 1947 1 58 5 485
1919 25 1967 1 123 154 486
1930 27 1974 1 122 67 487
1931 38 1998 0 8 140 488
1939 10 1957 1 152 61 489
1944 2 1951 0 179 151 490
1944 3 1953 0 169 79 491
1946 31 1997 0 29 96 492
1956 9 1976 0 5 190 493
1966 2 1971 0 29 49 494
1969 6 1980 0 200 81 495
1983 8 2000 0 66 200 496
1987 1 1991 0 41 89 497
1987 4 1997 1 22 139 498
1991 3 1997 1 115 184 499
1992 1 1997 0 82 60 500
