50
96 9
79 126
19 178
76 72
148 108
24 174
129 174
145 182
121 39
72 69
69 145
156 182
163 29
113 124
89 167
158 184
128 189
61 146
166 136
170 113
44 193
86 124
118 182
57 39
21 128
59 89
24 166
22 138
194 134
61 83
101 171
18 28
159 79
125 124
166 46
188 161
38 73
36 108
55 93
146 27
172 4
115 148
121 88
85 114
22 98
148 122
68 118
101 178
196 177
53 113
2 177 533 1 16 70 1
7 804 1624 0 170 149 2
7 820 1678 0 11 6 3
7 977 1975 0 163 177 4
8 652 1890 0 77 69 5
10 443 1110 1 140 48 6
13 829 1708 0 60 108 7
14 173 414 1 97 76 8
19 282 836 1 67 173 9
19 474 1019 0 22 41 10
22 315 941 1 111 90 11
26 484 1352 1 11 127 12
28 689 1770 1 12 189 13
47 49 161 1 18 42 14
49 31 145 1 132 17 15
49 566 1639 1 135 166 16
51 938 1935 0 104 128 17
52 866 1812 1 185 157 18
54 447 1395 1 144 100 19
54 683 1498 1 124 124 20
63 228 576 0 32 198 21
68 14 99 1 116 166 22
83 287 784 0 70 166 23
92 26 164 1 155 61 24
94 233 604 1 135 122 25
95 115 374 1 62 77 26
95 459 1039 0 170 67 27
98 418 1317 0 14 54 28
98 444 1422 1 121 104 29
98 606 1542 1 77 139 30
109 71 269 1 117 96 31
109 156 566 1 191 130 32
115 792 1922 1 31 126 33
117 326 1040 1 48 50 34
125 479 1445 1 72 81 35
126 304 843 1 97 38 36
134 63 315 0 166 4 37
134 89 363 1 133 151 38
135 533 1538 1 130 175 39
139 587 1544 1 8 53 40
140 160 470 1 4 186 41
140 268 898 0 72 47 42
143 216 791 1 138 37 43
159 45 256 1 21 118 44
159 862 1917 1 169 132 45
161 247 758 1 193 135 46
164 522 1553 0 163 32 47
166 8 190 1 121 60 48
169 38 278 1 143 136 49
175 143 476 1 171 179 50
175 145 506 1 24 92 51
175 506 1568 0 162 44 52
180 219 696 0 42 26 53
184 604 1973 1 85 44 54
187 612 1733 1 85 58 55
195 302 1110 0 42 92 56
196 815 1848 0 147 156 57
200 198 662 1 90 72 58
205 552 1467 1 185 14 59
210 124 509 1 53 94 60
210 129 553 0 140 112 61
211 73 367 1 69 193 62
215 75 371 1 51 27 63
224 199 816 1 198 79 64
225 510 1653 1 6 4 65
228 382 1265 0 147 15 66
229 831 1896 1 80 87 67
230 15 274 1 19 134 68
250 101 538 0 168 68 69
256 786 1944 1 97 132 70
268 397 1185 0 69 79 71
278 174 761 1 5 131 72
278 496 1472 1 108 30 73
279 135 628 1 102 124 74
280 174 761 0 27 132 75
280 465 1636 1 46 150 76
281 350 1184 0 193 180 77
282 608 1558 1 90 95 78
283 657 1712 0 154 125 79
287 388 1302 1 91 178 80
289 395 1197 0 186 103 81
290 610 1922 0 59 153 82
295 102 508 1 164 171 83
299 182 737 1 148 92 84
299 444 1344 0 88 49 85
303 197 712 1 48 92 86
305 536 1894 1 157 162 87
308 580 1953 1 94 18 88
312 711 1920 1 5 179 89
317 707 1764 1 170 14 90
320 416 1214 0 104 177 91
332 22 396 1 96 88 92
338 65 496 0 143 146 93
338 364 1215 0 96 177 94
339 600 1661 1 130 180 95
340 401 1359 1 90 192 96
343 59 490 1 123 78 97
346 378 1122 1 169 74 98
347 494 1797 1 128 54 99
348 54 507 0 197 137 100
352 502 1530 0 177 11 101
363 74 530 1 37 48 102
363 146 693 1 68 128 103
364 147 708 0 37 33 104
375 510 1670 1 59 35 105
377 223 951 0 172 26 106
380 264 1111 0 194 22 107
385 206 875 1 185 166 108
385 308 1295 0 117 181 109
392 481 1771 1 64 145 110
396 546 1641 0 37 40 111
406 174 797 1 154 153 112
413 487 1496 0 191 131 113
414 139 825 1 8 98 114
422 404 1404 1 80 28 115
422 611 1780 0 184 151 116
426 386 1284 0 29 16 117
431 109 685 1 178 136 118
436 144 759 0 55 155 119
437 115 773 0 150 8 120
438 2 447 1 135 2 121
444 323 1145 1 40 21 122
452 304 1260 1 109 117 123
455 209 891 1 154 103 124
456 125 814 1 137 101 125
465 586 1785 1 62 59 126
469 8 487 0 80 38 127
469 396 1485 0 178 55 128
473 143 808 0 16 29 129
482 127 838 0 5 42 130
482 476 1684 1 39 167 131
488 165 936 1 28 171 132
489 235 1161 1 74 168 133
490 261 1147 0 100 73 134
494 371 1360 0 117 94 135
495 174 974 1 31 144 136
500 358 1244 1 20 101 137
516 284 1226 1 114 183 138
520 73 674 1 192 6 139
523 616 1929 0 116 46 140
526 486 1580 1 169 97 141
530 344 1416 1 85 14 142
533 69 712 1 128 12 143
539 339 1276 1 141 93 144
543 177 989 1 21 190 145
547 167 952 1 100 78 146
551 51 666 0 138 56 147
555 169 1033 1 150 174 148
561 143 937 1 182 142 149
564 28 637 1 199 185 150
565 18 604 1 187 21 151
566 244 1068 1 161 180 152
569 372 1423 0 144 95 153
574 79 793 1 69 7 154
579 626 1851 1 192 72 155
582 227 1052 0 1 46 156
583 17 624 1 125 123 157
596 467 1952 1 173 188 158
601 5 614 1 30 62 159
611 369 1378 1 1 136 160
621 115 972 0 158 128 161
624 2 633 1 140 50 162
633 256 1276 1 89 150 163
634 250 1289 1 62 89 164
637 106 873 1 19 54 165
642 539 1822 1 116 52 166
643 461 1621 1 152 117 167
644 214 1280 1 78 26 168
650 170 1004 0 158 46 169
657 266 1409 1 176 12 170
660 243 1161 0 179 105 171
663 57 781 1 180 83 172
664 82 897 1 168 168 173
667 401 1546 1 153 75 174
672 478 1778 0 38 200 175
676 218 1184 1 147 65 176
685 83 907 0 89 137 177
689 351 1699 1 3 196 178
695 291 1301 1 72 99 179
696 369 1588 1 82 14 180
700 543 1930 1 121 21 181
701 25 755 0 18 90 182
705 254 1252 1 50 119 183
708 61 838 1 105 120 184
710 115 1000 1 190 56 185
717 409 1753 0 162 50 186
724 282 1392 1 68 93 187
726 518 1807 0 197 52 188
729 54 883 0 15 132 189
733 346 1567 1 149 160 190
735 493 1780 1 6 45 191
739 426 1907 0 129 145 192
748 47 862 1 145 73 193
750 219 1375 1 148 10 194
750 322 1482 1 48 143 195
753 349 1666 0 31 97 196
758 234 1237 1 63 178 197
766 77 951 0 79 21 198
767 63 912 1 17 189 199
777 355 1801 1 169 105 200
780 183 1205 1 144 56 201
784 125 1081 0 124 67 202
804 298 1428 1 54 66 203
808 277 1404 1 144 29 204
810 244 1397 1 161 175 205
811 171 1219 1 65 170 206
812 125 1120 0 192 113 207
814 150 1237 0 2 85 208
815 399 1806 1 152 89 209
820 244 1455 0 130 184 210
829 70 994 1 181 49 211
836 20 894 1 107 198 212
837 342 1581 1 178 23 213
841 258 1548 1 61 173 214
845 159 1193 0 118 70 215
852 159 1293 1 88 123 216
854 49 990 1 124 145 217
856 231 1530 0 156 186 218
864 279 1540 0 52 80 219
872 337 1606 1 163 186 220
873 5 888 0 104 39 221
873 39 981 1 20 58 222
877 341 1845 1 16 73 223
879 96 1088 1 193 125 224
883 182 1343 0 144 1 225
888 315 1728 1 144 125 226
899 88 1129 1 92 198 227
899 441 1817 1 81 80 228
904 159 1243 1 8 3 229
909 317 1603 0 154 81 230
910 44 1025 1 49 177 231
911 287 1781 1 172 54 232
916 285 1635 1 175 200 233
919 55 1041 0 161 73 234
923 163 1377 0 89 72 235
926 229 1444 1 174 28 236
933 404 1832 1 160 179 237
933 446 1935 1 149 189 238
935 317 1694 1 45 88 239
936 160 1410 1 30 192 240
951 24 1016 1 65 200 241
955 192 1414 0 8 68 242
955 440 1877 0 83 40 243
956 131 1307 1 131 21 244
957 10 983 0 88 146 245
963 316 1645 0 32 185 246
966 337 1805 1 123 174 247
969 175 1462 0 116 23 248
972 380 1871 1 183 117 249
973 45 1072 1 85 145 250
988 96 1278 1 177 109 251
993 168 1455 1 120 48 252
995 133 1319 1 127 23 253
999 106 1260 1 155 73 254
999 210 1445 1 188 184 255
1003 105 1258 1 137 89 256
1010 181 1393 1 133 130 257
1014 402 1895 1 179 105 258
1015 79 1182 0 97 79 259
1018 333 1840 1 104 89 260
1019 138 1345 1 93 5 261
1026 295 1690 1 31 164 262
1038 249 1585 1 152 151 263
1040 332 1992 1 108 155 264
1043 133 1357 0 134 151 265
1046 428 1914 1 17 14 266
1062 47 1198 0 118 134 267
1068 290 1919 1 115 23 268
1071 131 1369 0 152 123 269
1077 306 1846 0 130 100 270
1078 51 1230 0 53 67 271
1079 128 1341 1 185 29 272
1082 211 1637 1 164 37 273
1083 166 1550 0 43 127 274
1086 86 1276 0 143 48 275
1098 356 1885 1 196 117 276
1103 130 1391 1 45 65 277
1108 171 1591 0 94 178 278
1113 6 1132 1 35 184 279
1113 397 1956 0 109 135 280
1114 287 1770 1 30 142 281
1117 26 1189 1 120 184 282
1123 251 1661 1 60 195 283
1127 32 1214 1 4 36 284
1133 30 1202 1 160 60 285
1133 264 1727 0 64 168 286
1135 161 1495 1 100 32 287
1135 204 1660 1 159 145 288
1137 238 1717 1 183 147 289
1137 245 1793 1 133 135 290
1146 28 1208 1 178 136 291
1148 222 1732 1 176 48 292
1159 9 1182 0 87 7 293
1163 117 1477 0 89 20 294
1165 251 1698 1 120 79 295
1167 277 1757 1 12 136 296
1174 6 1190 1 162 156 297
1177 31 1270 1 96 19 298
1177 44 1274 0 87 84 299
1180 161 1536 1 104 117 300
1185 167 1579 0 165 102 301
1188 284 1897 1 33 92 302
1189 22 1248 1 93 30 303
1201 154 1514 1 115 175 304
1203 264 1858 0 42 93 305
1206 40 1293 1 123 182 306
1210 115 1515 0 67 48 307
1214 25 1290 0 80 96 308
1223 66 1403 1 41 138 309
1226 130 1549 1 147 20 310
1226 139 1611 0 52 32 311
1227 141 1591 0 70 126 312
1233 146 1643 0 173 20 313
1236 117 1521 1 110 128 314
1237 4 1247 1 100 191 315
1237 270 1970 0 10 103 316
1240 71 1445 1 114 129 317
1248 101 1475 1 13 171 318
1263 248 1999 1 133 40 319
1265 95 1511 1 22 187 320
1265 209 1750 0 98 156 321
1266 257 1887 1 34 85 322
1267 17 1318 0 12 12 323
1268 88 1451 0 32 98 324
1269 120 1517 1 90 115 325
1275 214 1771 1 127 37 326
1279 61 1433 1 77 122 327
1292 22 1344 1 150 141 328
1299 249 1920 1 6 48 329
1301 94 1523 0 109 143 330
1315 87 1499 0 34 81 331
1315 109 1645 1 68 93 332
1322 244 1957 1 193 152 333
1326 10 1357 1 130 62 334
1329 69 1516 1 172 140 335
1330 225 1960 1 67 134 336
1332 170 1794 0 147 162 337
1349 208 1796 0 36 26 338
1354 174 1873 1 173 9 339
1361 198 1836 1 160 6 340
1362 9 1388 1 183 178 341
1378 138 1754 0 87 116 342
1384 131 1724 1 77 27 343
1384 192 1898 0 109 12 344
1388 189 1874 0 82 79 345
1399 88 1615 1 33 87 346
1402 89 1628 1 58 10 347
1409 145 1749 1 131 124 348
1411 164 1802 0 137 47 349
1428 57 1548 1 103 102 350
1436 35 1517 0 40 74 351
1437 78 1622 1 89 136 352
1442 115 1710 1 112 109 353
1447 191 1972 1 130 75 354
1448 219 1979 0 156 105 355
1451 130 1774 1 168 126 356
1452 3 1462 1 118 9 357
1454 127 1749 1 162 76 358
1455 6 1471 1 97 12 359
1455 11 1489 0 152 147 360
1457 99 1697 1 24 40 361
1457 116 1763 0 7 43 362
1469 179 1979 1 101 94 363
1472 20 1525 0 189 153 364
1477 196 1938 1 33 64 365
1479 54 1607 1 160 106 366
1482 155 1872 1 1 188 367
1484 38 1592 1 57 11 368
1486 73 1663 0 40 160 369
1497 45 1591 1 117 123 370
1502 74 1679 0 117 168 371
1502 128 1760 1 158 191 372
1504 197 1963 1 54 198 373
1505 114 1813 1 197 191 374
1506 44 1611 0 176 119 375
1506 187 1886 1 110 144 376
1509 219 1965 1 12 195 377
1525 158 1924 1 36 38 378
1527 27 1589 1 187 182 379
1531 47 1648 1 175 122 380
1534 104 1772 1 150 42 381
1546 47 1667 1 5 32 382
1549 183 1928 0 81 145 383
1550 123 1802 1 6 14 384
1554 21 1614 1 68 195 385
1554 196 1998 1 7 129 386
1555 25 1614 0 181 160 387
1558 152 1993 0 92 17 388
1559 76 1757 0 127 50 389
1564 153 1874 1 136 153 390
1574 57 1719 1 144 70 391
1575 85 1751 1 97 89 392
1578 33 1653 0 54 49 393
1578 81 1810 1 86 31 394
1579 132 1946 1 17 18 395
1592 5 1603 1 119 140 396
1593 35 1694 0 93 138 397
1606 169 1960 1 17 83 398
1610 135 1976 0 195 198 399
1617 33 1696 0 38 113 400
1621 46 1726 0 143 188 401
1624 118 1870 1 180 144 402
1628 1 1631 1 64 13 403
1629 4 1641 1 134 118 404
1632 105 1924 0 44 170 405
1633 59 1768 1 56 163 406
1636 101 1871 1 25 79 407
1637 22 1687 1 145 72 408
1638 31 1729 1 6 74 409
1638 85 1814 1 192 75 410
1642 82 1828 0 121 35 411
1643 138 1999 1 131 17 412
1649 33 1720 1 139 131 413
1651 38 1743 0 139 19 414
1663 62 1849 0 93 184 415
1665 77 1879 0 62 140 416
1667 46 1782 0 104 178 417
1667 110 1896 1 101 138 418
1671 38 1776 1 50 4 419
1674 83 1848 1 145 46 420
1674 98 1963 0 92 125 421
1674 98 1973 1 27 95 422
1675 58 1796 1 143 155 423
1677 106 1976 1 83 163 424
1677 147 1975 1 147 37 425
1678 102 1930 0 72 17 426
1684 108 1914 0 28 194 427
1685 105 1898 0 46 56 428
1687 7 1706 1 194 174 429
1689 73 1873 1 40 174 430
1693 34 1795 0 18 183 431
1693 36 1772 1 171 21 432
1702 103 1965 0 162 8 433
1710 19 1756 1 67 85 434
1713 74 1864 0 43 189 435
1719 114 1958 1 180 181 436
1728 31 1820 1 51 136 437
1730 86 1991 0 136 21 438
1733 81 1944 0 187 110 439
1751 41 1837 1 35 115 440
1751 73 1954 1 142 104 441
1754 81 1989 1 17 136 442
1757 28 1819 0 118 191 443
1759 77 1947 1 3 2 444
1760 3 1769 1 8 89 445
1763 80 1961 1 194 120 446
1774 27 1841 1 83 64 447
1778 28 1853 0 162 6 448
1778 49 1885 1 126 186 449
1782 98 1986 0 3 25 450
1784 75 1946 1 44 8 451
1794 53 1929 0 117 42 452
1797 25 1855 1 99 116 453
1805 10 1834 0 103 2 454
1808 4 1818 1 161 47 455
1809 15 1851 0 172 114 456
1820 18 1858 0 91 46 457
1824 72 1991 1 167 85 458
1826 39 1930 0 170 47 459
1830 7 1851 1 102 161 460
1838 6 1856 0 130 93 461
1842 28 1907 1 152 152 462
1851 56 1992 1 6 11 463
1855 49 1996 1 133 166 464
1856 28 1937 1 6 199 465
1866 11 1894 0 170 147 466
1866 25 1926 1 27 126 467
1872 46 1981 1 87 172 468
1872 47 1998 1 184 98 469
1883 18 1936 1 69 83 470
1884 3 1893 1 121 79 471
1884 10 1911 1 52 107 472
1885 19 1936 1 195 81 473
1885 31 1950 1 181 57 474
1888 20 1940 1 80 140 475
1890 46 1997 1 101 148 476
1893 24 1946 1 10 140 477
1894 12 1929 1 28 146 478
1895 14 1928 0 127 153 479
1898 31 1970 1 83 53 480
1905 25 1970 0 28 123 481
1909 4 1920 0 106 3 482
1909 26 1988 0 132 14 483
1915 23 1975 1 86 43 484
1916 14 1947 1 58 5 485
1919 17 1967 1 123 154 486
1930 21 1974 1 122 67 487
1931 27 1998 0 8 140 488
1939 8 1957 1 152 61 489
1944 2 1951 1 179 151 490
1944 2 1953 1 169 79 491
1946 23 1997 0 29 96 492
1956 7 1976 0 5 190 493
1966 1 1971 1 29 49 494
1969 4 1980 0 200 81 495
1983 6 2000 1 66 200 496
1987 1 1991 0 41 89 497
1987 3 1997 1 22 139 498
1991 2 1997 1 115 184 499
1992 1 1997 0 82 60 500
