50
96 9
79 126
19 178
76 72
148 108
24 174
129 174
145 182
121 39
72 69
69 145
156 182
163 29
113 124
89 167
158 184
128 189
61 146
166 136
170 113
44 193
86 124
118 182
57 39
21 128
59 89
24 166
22 138
194 134
61 83
101 171
18 28
159 79
125 124
166 46
188 161
38 73
36 108
55 93
146 27
172 4
115 148
121 88
85 114
22 98
148 122
68 118
101 178
196 177
53 113
2 353 533 0 16 70 1
7 1608 1624 0 170 149 2
7 1640 1678 0 11 6 3
7 1953 1975 0 163 177 4
8 1303 1890 0 77 69 5
10 886 1110 0 140 48 6
13 1657 1708 0 60 108 7
14 346 414 0 97 76 8
19 564 836 0 67 173 9
19 947 1019 0 22 41 10
22 630 941 0 111 90 11
26 967 1352 1 11 127 12
28 1378 1770 0 12 189 13
47 97 161 1 18 42 14
49 62 145 0 132 17 15
49 1131 1639 0 135 166 16
51 1875 1935 0 104 128 17
52 1731 1812 0 185 157 18
54 894 1395 0 144 100 19
54 1366 1498 0 124 124 20
63 455 576 0 32 198 21
68 27 99 1 116 166 22
83 573 784 0 70 166 23
92 52 164 0 155 61 24
94 465 604 0 135 122 25
95 229 374 0 62 77 26
95 917 1039 0 170 67 27
98 835 1317 0 14 54 28
98 888 1422 1 121 104 29
98 1212 1542 0 77 139 30
109 141 269 0 117 96 31
109 312 566 0 191 130 32
115 1584 1922 0 31 126 33
117 652 1040 0 48 50 34
125 958 1445 0 72 81 35
126 608 843 1 97 38 36
134 126 315 0 166 4 37
134 177 363 0 133 151 38
135 1065 1538 1 130 175 39
139 1173 1544 1 8 53 40
140 319 470 1 4 186 41
140 536 898 0 72 47 42
143 431 791 1 138 37 43
159 90 256 1 21 118 44
159 1723 1917 0 169 132 45
161 494 758 0 193 135 46
164 1043 1553 0 163 32 47
166 15 190 1 121 60 48
169 76 278 1 143 136 49
175 286 476 0 171 179 50
175 290 506 0 24 92 51
175 1012 1568 0 162 44 52
180 438 696 0 42 26 53
184 1207 1973 0 85 44 54
187 1224 1733 0 85 58 55
195 604 1110 0 42 92 56
196 1630 1848 0 147 156 57
200 395 662 1 90 72 58
205 1104 1467 0 185 14 59
210 248 509 0 53 94 60
210 258 553 0 140 112 61
211 145 367 0 69 193 62
215 150 371 0 51 27 63
224 398 816 0 198 79 64
225 1019 1653 1 6 4 65
228 763 1265 0 147 15 66
229 1661 1896 0 80 87 67
230 29 274 1 19 134 68
250 201 538 0 168 68 69
256 1571 1944 0 97 132 70
268 794 1185 0 69 79 71
278 347 761 1 5 131 72
278 992 1472 1 108 30 73
279 270 628 0 102 124 74
280 348 761 0 27 132 75
280 930 1636 0 46 150 76
281 699 1184 0 193 180 77
282 1216 1558 0 90 95 78
283 1314 1712 0 154 125 79
287 775 1302 0 91 178 80
289 790 1197 0 186 103 81
290 1219 1922 0 59 153 82
295 203 508 1 164 171 83
299 364 737 0 148 92 84
299 887 1344 0 88 49 85
303 393 712 0 48 92 86
305 1072 1894 1 157 162 87
308 1159 1953 0 94 18 88
312 1421 1920 0 5 179 89
317 1414 1764 1 170 14 90
320 832 1214 0 104 177 91
332 43 396 0 96 88 92
338 129 496 0 143 146 93
338 727 1215 0 96 177 94
339 1200 1661 1 130 180 95
340 802 1359 0 90 192 96
343 118 490 1 123 78 97
346 755 1122 0 169 74 98
347 988 1797 0 128 54 99
348 107 507 0 197 137 100
352 1004 1530 0 177 11 101
363 148 530 0 37 48 102
363 292 693 0 68 128 103
364 293 708 0 37 33 104
375 1019 1670 0 59 35 105
377 445 951 0 172 26 106
380 527 1111 0 194 22 107
385 411 875 0 185 166 108
385 616 1295 0 117 181 109
392 961 1771 1 64 145 110
396 1091 1641 0 37 40 111
406 348 797 1 154 153 112
413 974 1496 0 191 131 113
414 277 825 1 8 98 114
422 808 1404 0 80 28 115
422 1221 1780 0 184 151 116
426 771 1284 0 29 16 117
431 218 685 0 178 136 118
436 287 759 0 55 155 119
437 229 773 0 150 8 120
438 4 447 0 135 2 121
444 645 1145 0 40 21 122
452 608 1260 0 109 117 123
455 417 891 1 154 103 124
456 250 814 1 137 101 125
465 1171 1785 1 62 59 126
469 15 487 0 80 38 127
469 792 1485 0 178 55 128
473 286 808 0 16 29 129
482 253 838 0 5 42 130
482 951 1684 0 39 167 131
488 330 936 0 28 171 132
489 469 1161 0 74 168 133
490 521 1147 0 100 73 134
494 742 1360 0 117 94 135
495 348 974 1 31 144 136
500 716 1244 1 20 101 137
516 567 1226 0 114 183 138
520 146 674 1 192 6 139
523 1232 1929 0 116 46 140
526 971 1580 0 169 97 141
530 687 1416 0 85 14 142
533 138 712 0 128 12 143
539 677 1276 0 141 93 144
543 354 989 0 21 190 145
547 334 952 0 100 78 146
551 102 666 0 138 56 147
555 338 1033 1 150 174 148
561 285 937 1 182 142 149
564 55 637 1 199 185 150
565 35 604 1 187 21 151
566 487 1068 1 161 180 152
569 744 1423 0 144 95 153
574 157 793 1 69 7 154
579 1251 1851 1 192 72 155
582 453 1052 0 1 46 156
583 33 624 1 125 123 157
596 933 1952 0 173 188 158
601 9 614 0 30 62 159
611 737 1378 0 1 136 160
621 230 972 0 158 128 161
624 4 633 1 140 50 162
633 512 1276 0 89 150 163
634 499 1289 0 62 89 164
637 212 873 0 19 54 165
642 1078 1822 1 116 52 166
643 921 1621 1 152 117 167
644 427 1280 0 78 26 168
650 340 1004 0 158 46 169
657 531 1409 0 176 12 170
660 485 1161 0 179 105 171
663 114 781 0 180 83 172
664 164 897 0 168 168 173
667 802 1546 1 153 75 174
672 956 1778 0 38 200 175
676 436 1184 0 147 65 176
685 165 907 0 89 137 177
689 702 1699 1 3 196 178
695 581 1301 1 72 99 179
696 737 1588 0 82 14 180
700 1085 1930 1 121 21 181
701 49 755 0 18 90 182
705 508 1252 0 50 119 183
708 121 838 0 105 120 184
710 230 1000 1 190 56 185
717 817 1753 0 162 50 186
724 563 1392 1 68 93 187
726 1036 1807 0 197 52 188
729 107 883 0 15 132 189
733 692 1567 1 149 160 190
735 985 1780 0 6 45 191
739 852 1907 0 129 145 192
748 94 862 1 145 73 193
750 437 1375 0 148 10 194
750 644 1482 1 48 143 195
753 697 1666 0 31 97 196
758 467 1237 0 63 178 197
766 153 951 0 79 21 198
767 126 912 1 17 189 199
777 710 1801 1 169 105 200
780 365 1205 0 144 56 201
784 250 1081 0 124 67 202
804 596 1428 1 54 66 203
808 554 1404 1 144 29 204
810 487 1397 1 161 175 205
811 341 1219 0 65 170 206
812 249 1120 0 192 113 207
814 299 1237 0 2 85 208
815 798 1806 0 152 89 209
820 487 1455 0 130 184 210
829 140 994 0 181 49 211
836 40 894 0 107 198 212
837 683 1581 0 178 23 213
841 516 1548 1 61 173 214
845 317 1193 0 118 70 215
852 318 1293 0 88 123 216
854 98 990 0 124 145 217
856 462 1530 0 156 186 218
864 557 1540 0 52 80 219
872 673 1606 1 163 186 220
873 10 888 0 104 39 221
873 78 981 1 20 58 222
877 682 1845 0 16 73 223
879 192 1088 0 193 125 224
883 363 1343 0 144 1 225
888 629 1728 1 144 125 226
899 175 1129 0 92 198 227
899 881 1817 1 81 80 228
904 317 1243 0 8 3 229
909 634 1603 0 154 81 230
910 88 1025 1 49 177 231
911 574 1781 0 172 54 232
916 569 1635 0 175 200 233
919 109 1041 0 161 73 234
923 326 1377 0 89 72 235
926 457 1444 0 174 28 236
933 807 1832 0 160 179 237
933 892 1935 1 149 189 238
935 633 1694 0 45 88 239
936 320 1410 0 30 192 240
951 47 1016 0 65 200 241
955 383 1414 0 8 68 242
955 880 1877 0 83 40 243
956 262 1307 0 131 21 244
957 19 983 0 88 146 245
963 631 1645 0 32 185 246
966 674 1805 0 123 174 247
969 350 1462 0 116 23 248
972 759 1871 0 183 117 249
973 90 1072 1 85 145 250
988 191 1278 0 177 109 251
993 336 1455 0 120 48 252
995 265 1319 0 127 23 253
999 211 1260 0 155 73 254
999 419 1445 0 188 184 255
1003 209 1258 0 137 89 256
1010 361 1393 1 133 130 257
1014 804 1895 1 179 105 258
1015 158 1182 0 97 79 259
1018 665 1840 0 104 89 260
1019 276 1345 0 93 5 261
1026 590 1690 0 31 164 262
1038 497 1585 1 152 151 263
1040 664 1992 1 108 155 264
1043 265 1357 0 134 151 265
1046 855 1914 1 17 14 266
1062 94 1198 0 118 134 267
1068 579 1919 0 115 23 268
1071 262 1369 0 152 123 269
1077 612 1846 0 130 100 270
1078 101 1230 0 53 67 271
1079 256 1341 0 185 29 272
1082 422 1637 1 164 37 273
1083 331 1550 0 43 127 274
1086 171 1276 0 143 48 275
1098 712 1885 0 196 117 276
1103 260 1391 0 45 65 277
1108 342 1591 0 94 178 278
1113 11 1132 0 35 184 279
1113 793 1956 0 109 135 280
1114 573 1770 0 30 142 281
1117 51 1189 0 120 184 282
1123 501 1661 0 60 195 283
1127 63 1214 0 4 36 284
1133 59 1202 0 160 60 285
1133 527 1727 0 64 168 286
1135 321 1495 0 100 32 287
1135 408 1660 0 159 145 288
1137 476 1717 0 183 147 289
1137 490 1793 1 133 135 290
1146 55 1208 1 178 136 291
1148 444 1732 0 176 48 292
1159 18 1182 0 87 7 293
1163 234 1477 0 89 20 294
1165 501 1698 0 120 79 295
1167 554 1757 1 12 136 296
1174 12 1190 0 162 156 297
1177 62 1270 0 96 19 298
1177 87 1274 0 87 84 299
1180 321 1536 1 104 117 300
1185 333 1579 0 165 102 301
1188 568 1897 0 33 92 302
1189 43 1248 1 93 30 303
1201 308 1514 0 115 175 304
1203 528 1858 0 42 93 305
1206 80 1293 0 123 182 306
1210 230 1515 0 67 48 307
1214 50 1290 0 80 96 308
1223 131 1403 1 41 138 309
1226 259 1549 1 147 20 310
1226 278 1611 0 52 32 311
1227 281 1591 0 70 126 312
1233 292 1643 0 173 20 313
1236 234 1521 1 110 128 314
1237 7 1247 1 100 191 315
1237 540 1970 0 10 103 316
1240 141 1445 0 114 129 317
1248 202 1475 0 13 171 318
1263 496 1999 1 133 40 319
1265 190 1511 0 22 187 320
1265 418 1750 0 98 156 321
1266 513 1887 0 34 85 322
1267 34 1318 0 12 12 323
1268 176 1451 0 32 98 324
1269 239 1517 1 90 115 325
1275 427 1771 1 127 37 326
1279 122 1433 0 77 122 327
1292 44 1344 0 150 141 328
1299 498 1920 1 6 48 329
1301 187 1523 0 109 143 330
1315 174 1499 0 34 81 331
1315 217 1645 0 68 93 332
1322 487 1957 1 193 152 333
1326 20 1357 1 130 62 334
1329 137 1516 0 172 140 335
1330 449 1960 0 67 134 336
1332 339 1794 0 147 162 337
1349 416 1796 0 36 26 338
1354 347 1873 0 173 9 339
1361 395 1836 0 160 6 340
1362 18 1388 1 183 178 341
1378 276 1754 0 87 116 342
1384 262 1724 0 77 27 343
1384 384 1898 0 109 12 344
1388 378 1874 0 82 79 345
1399 176 1615 1 33 87 346
1402 178 1628 0 58 10 347
1409 290 1749 1 131 124 348
1411 327 1802 0 137 47 349
1428 113 1548 1 103 102 350
1436 69 1517 0 40 74 351
1437 155 1622 0 89 136 352
1442 230 1710 1 112 109 353
1447 381 1972 0 130 75 354
1448 437 1979 0 156 105 355
1451 260 1774 0 168 126 356
1452 5 1462 1 118 9 357
1454 253 1749 0 162 76 358
1455 11 1471 0 97 12 359
1455 22 1489 0 152 147 360
1457 198 1697 1 24 40 361
1457 232 1763 0 7 43 362
1469 357 1979 1 101 94 363
1472 40 1525 0 189 153 364
1477 392 1938 0 33 64 365
1479 107 1607 0 160 106 366
1482 310 1872 0 1 188 367
1484 76 1592 0 57 11 368
1486 146 1663 0 40 160 369
1497 90 1591 0 117 123 370
1502 148 1679 0 117 168 371
1502 255 1760 1 158 191 372
1504 394 1963 1 54 198 373
1505 228 1813 0 197 191 374
1506 87 1611 0 176 119 375
1506 373 1886 1 110 144 376
1509 437 1965 0 12 195 377
1525 315 1924 0 36 38 378
1527 54 1589 1 187 182 379
1531 93 1648 0 175 122 380
1534 208 1772 1 150 42 381
1546 93 1667 0 5 32 382
1549 365 1928 0 81 145 383
1550 245 1802 0 6 14 384
1554 42 1614 0 68 195 385
1554 392 1998 0 7 129 386
1555 50 1614 0 181 160 387
1558 303 1993 0 92 17 388
1559 151 1757 0 127 50 389
1564 306 1874 0 136 153 390
1574 113 1719 0 144 70 391
1575 170 1751 0 97 89 392
1578 65 1653 0 54 49 393
1578 161 1810 0 86 31 394
1579 264 1946 1 17 18 395
1592 9 1603 0 119 140 396
1593 69 1694 0 93 138 397
1606 337 1960 0 17 83 398
1610 269 1976 0 195 198 399
1617 65 1696 0 38 113 400
1621 92 1726 0 143 188 401
1624 236 1870 0 180 144 402
1628 1 1631 0 64 13 403
1629 8 1641 0 134 118 404
1632 209 1924 0 44 170 405
1633 117 1768 1 56 163 406
1636 202 1871 1 25 79 407
1637 43 1687 1 145 72 408
1638 62 1729 0 6 74 409
1638 170 1814 0 192 75 410
1642 163 1828 0 121 35 411
1643 276 1999 0 131 17 412
1649 65 1720 0 139 131 413
1651 75 1743 0 139 19 414
1663 123 1849 0 93 184 415
1665 153 1879 0 62 140 416
1667 91 1782 0 104 178 417
1667 220 1896 1 101 138 418
1671 76 1776 1 50 4 419
1674 165 1848 1 145 46 420
1674 195 1973 0 27 95 421
1674 196 1963 0 92 125 422
1675 116 1796 0 143 155 423
1677 212 1976 0 83 163 424
1677 294 1975 0 147 37 425
1678 204 1930 0 72 17 426
1684 216 1914 0 28 194 427
1685 209 1898 0 46 56 428
1687 13 1706 0 194 174 429
1689 146 1873 1 40 174 430
1693 67 1795 0 18 183 431
1693 72 1772 1 171 21 432
1702 205 1965 0 162 8 433
1710 38 1756 0 67 85 434
1713 147 1864 0 43 189 435
1719 228 1958 1 180 181 436
1728 62 1820 0 51 136 437
1730 172 1991 0 136 21 438
1733 161 1944 0 187 110 439
1751 82 1837 1 35 115 440
1751 146 1954 0 142 104 441
1754 161 1989 0 17 136 442
1757 56 1819 0 118 191 443
1759 154 1947 0 3 2 444
1760 5 1769 1 8 89 445
1763 160 1961 1 194 120 446
1774 54 1841 0 83 64 447
1778 55 1853 0 162 6 448
1778 97 1885 0 126 186 449
1782 196 1986 0 3 25 450
1784 149 1946 0 44 8 451
1794 106 1929 0 117 42 452
1797 49 1855 0 99 116 453
1805 19 1834 0 103 2 454
1808 8 1818 0 161 47 455
1809 29 1851 0 172 114 456
1820 35 1858 0 91 46 457
1824 144 1991 0 167 85 458
1826 77 1930 0 170 47 459
1830 14 1851 0 102 161 460
1838 12 1856 0 130 93 461
1842 56 1907 1 152 152 462
1851 111 1992 0 6 11 463
1855 98 1996 0 133 166 464
1856 55 1937 0 6 199 465
1866 22 1894 0 170 147 466
1866 50 1926 1 27 126 467
1872 92 1981 0 87 172 468
1872 93 1998 0 184 98 469
1883 35 1936 1 69 83 470
1884 5 1893 1 121 79 471
1884 19 1911 0 52 107 472
1885 38 1936 0 195 81 473
1885 62 1950 1 181 57 474
1888 39 1940 1 80 140 475
1890 92 1997 1 101 148 476
1893 48 1946 1 10 140 477
1894 24 1929 1 28 146 478
1895 28 1928 0 127 153 479
1898 61 1970 0 83 53 480
1905 50 1970 0 28 123 481
1909 7 1920 0 106 3 482
1909 51 1988 0 132 14 483
1915 46 1975 0 86 43 484
1916 28 1947 1 58 5 485
1919 34 1967 0 123 154 486
1930 41 1974 1 122 67 487
1931 54 1998 0 8 140 488
1939 15 1957 1 152 61 489
1944 3 1951 0 179 151 490
1944 4 1953 0 169 79 491
1946 45 1997 0 29 96 492
1956 13 1976 0 5 190 493
1966 2 1971 0 29 49 494
1969 8 1980 0 200 81 495
1983 12 2000 0 66 200 496
1987 1 1991 0 41 89 497
1987 6 1997 1 22 139 498
1991 4 1997 1 115 184 499
1992 1 1997 0 82 60 500
