50
133 172
116 149
133 106
127 170
130 169
103 152
106 166
143 170
155 149
122 169
155 104
105 151
171 157
113 143
111 147
119 100
152 144
124 111
131 100
128 137
152 152
113 166
163 158
106 153
161 135
161 160
112 139
144 171
183 153
113 106
136 162
138 162
168 115
181 129
137 169
143 165
158 159
161 148
110 141
132 149
151 103
143 96
100 154
107 157
107 166
183 128
107 164
174 139
120 167
113 163
0 7 11 0 33 158 1
0 10 14 1 58 187 2
0 16 20 0 52 125 3
0 16 20 0 70 11 4
0 20 25 0 69 11 5
0 23 28 0 102 197 6
0 39 44 1 96 197 7
0 42 48 0 34 157 8
0 57 63 0 70 11 9
0 71 78 0 69 11 10
0 79 87 0 78 190 11
0 83 91 0 100 197 12
0 85 93 0 140 24 13
0 93 101 0 51 124 14
0 93 101 0 67 11 15
0 101 110 0 51 125 16
0 108 117 1 52 125 17
0 115 125 0 51 124 18
0 125 135 1 70 10 19
0 136 147 0 53 126 20
0 137 148 0 101 196 21
0 140 151 0 50 124 22
0 149 160 1 70 11 23
0 151 162 0 70 10 24
0 158 170 1 52 125 25
0 160 172 1 58 185 26
0 162 174 0 95 197 27
0 164 176 1 97 196 28
0 173 186 0 100 196 29
0 178 191 1 92 198 30
0 187 200 1 96 196 31
0 196 210 0 33 156 32
0 196 210 1 63 190 33
0 202 216 1 96 196 34
0 216 231 1 52 125 35
0 218 1107 0 103 196 36
0 228 243 0 67 10 37
0 229 245 1 94 196 38
0 229 245 1 102 196 39
0 234 250 0 71 10 40
0 236 252 1 54 126 41
0 238 254 0 69 10 42
0 240 256 0 49 124 43
0 247 263 1 96 197 44
0 248 265 0 68 11 45
0 252 269 1 51 124 46
0 267 285 0 50 124 47
0 302 321 1 68 10 48
0 303 322 0 68 11 49
0 312 332 0 135 177 50
0 314 782 0 49 124 51
0 316 336 0 94 198 52
0 319 359 1 51 124 53
0 340 361 0 33 157 54
0 344 366 1 67 174 55
0 345 367 0 95 190 56
0 345 367 0 100 196 57
0 383 407 0 95 197 58
0 386 410 1 69 10 59
0 393 417 0 150 164 60
0 397 421 0 96 196 61
0 398 422 1 97 197 62
0 399 423 0 96 197 63
0 404 429 1 54 121 64
0 411 436 1 33 156 65
0 417 442 0 96 196 66
0 430 572 1 96 195 67
0 477 506 0 51 124 68
0 477 506 0 57 188 69
0 533 565 1 63 11 70
0 536 568 0 67 10 71
0 536 568 0 101 197 72
0 556 589 1 51 125 73
0 571 604 0 50 125 74
0 571 604 0 69 11 75
0 611 647 1 34 155 76
0 622 658 1 52 125 77
0 626 662 1 94 198 78
0 630 667 0 63 190 79
0 647 684 0 51 125 80
0 670 709 0 63 190 81
0 673 712 0 51 124 82
0 676 715 0 2 167 83
0 677 716 0 51 125 84
0 692 732 0 95 197 85
0 694 734 0 93 198 86
0 694 734 1 53 127 87
0 695 735 1 68 10 88
0 697 737 0 70 10 89
0 698 738 1 96 197 90
0 704 744 1 96 197 91
0 705 746 0 68 10 92
0 708 749 1 52 180 93
0 723 764 1 69 10 94
0 732 774 0 51 125 95
0 736 778 1 69 11 96
0 757 800 0 95 198 97
0 766 810 0 69 10 98
0 766 810 0 92 199 99
0 770 814 0 61 10 100
0 785 830 0 68 11 101
0 788 1972 0 72 196 102
0 794 839 0 70 10 103
0 794 839 1 69 10 104
0 795 840 1 96 196 105
0 801 847 0 96 197 106
0 805 851 1 31 157 107
0 813 859 0 69 11 108
0 821 868 1 68 11 109
0 825 872 0 96 196 110
0 837 884 0 67 10 111
0 844 892 0 69 10 112
0 853 901 0 51 124 113
0 860 909 1 97 197 114
0 866 915 0 96 197 115
0 881 931 1 69 10 116
0 892 942 1 96 197 117
0 894 945 1 96 197 118
0 895 946 0 51 125 119
0 904 955 1 130 172 120
0 912 963 0 53 124 121
0 928 980 0 96 198 122
0 947 1000 0 69 10 123
0 959 1013 1 68 10 124
0 970 1025 0 52 124 125
0 974 1029 0 96 197 126
0 979 1034 0 34 133 127
0 986 1041 1 68 11 128
0 1001 1057 0 69 10 129
0 1024 1081 0 69 11 130
0 1031 1089 1 96 198 131
0 1052 1111 0 51 125 132
0 1052 1111 0 97 197 133
0 1055 1114 0 96 198 134
0 1058 1117 1 69 11 135
0 1076 1136 0 51 125 136
0 1076 1136 1 52 111 137
0 1082 1142 0 95 197 138
0 1085 1146 0 69 11 139
0 1087 1148 0 93 199 140
0 1097 1158 0 98 197 141
0 1105 1167 0 102 197 142
0 1114 1176 0 94 197 143
0 1117 1179 0 97 197 144
0 1120 1182 0 69 10 145
0 1122 1185 0 117 190 146
0 1131 1194 0 64 188 147
0 1133 1196 0 69 11 148
0 1143 1207 0 69 11 149
0 1144 1208 0 97 196 150
0 1146 1210 0 96 196 151
0 1146 1210 1 69 10 152
0 1149 1213 0 70 10 153
0 1150 1214 0 69 11 154
0 1188 1254 0 96 197 155
0 1191 1257 0 101 197 156
0 1202 1269 0 53 134 157
0 1205 1272 0 110 196 158
0 1224 1292 1 52 125 159
0 1229 1297 0 96 197 160
0 1230 1298 1 33 155 161
0 1232 1300 1 65 10 162
0 1250 1319 1 69 11 163
0 1253 1322 0 51 124 164
0 1253 1322 0 93 199 165
0 1254 1323 1 57 186 166
0 1281 1352 1 96 197 167
0 1282 1353 1 101 197 168
0 1287 1358 1 68 10 169
0 1302 1374 0 51 125 170
0 1304 1376 0 61 9 171
0 1315 1388 0 101 197 172
0 1318 1391 0 51 125 173
0 1331 1404 0 51 125 174
0 1350 1424 0 36 154 175
0 1350 1424 0 97 196 176
0 1350 1425 0 51 124 177
0 1351 1426 0 93 198 178
0 1355 1430 0 74 186 179
0 1365 1440 0 112 193 180
0 1366 1441 1 95 197 181
0 1369 1445 1 96 197 182
0 1387 1463 0 146 165 183
0 1390 1467 0 57 187 184
0 1440 1519 0 96 197 185
0 1456 1536 1 96 197 186
0 1464 1544 0 57 187 187
0 1492 1574 0 50 124 188
0 1493 1575 0 53 125 189
0 1496 1578 1 136 177 190
0 1502 1584 0 96 197 191
0 1505 1588 1 51 125 192
0 1509 1592 1 57 187 193
0 1512 1595 1 33 156 194
0 1513 1596 0 96 195 195
0 1526 1610 1 70 10 196
0 1537 1621 0 31 161 197
0 1538 1622 1 51 124 198
0 1540 1625 0 101 197 199
0 1553 1638 1 98 196 200
0 1569 1655 1 51 125 201
0 1570 1656 0 70 10 202
0 1593 1680 0 51 125 203
0 1594 1681 1 97 196 204
0 1596 1683 0 95 197 205
0 1600 1688 0 51 124 206
0 1635 1724 0 57 187 207
0 1646 1736 0 52 111 208
0 1647 1737 0 51 125 209
0 1648 1738 0 32 156 210
0 1651 1741 0 93 197 211
0 1654 1744 0 96 197 212
0 1665 1756 0 51 124 213
0 1684 1776 0 96 197 214
0 1711 1805 0 68 11 215
0 1711 1805 1 96 198 216
0 1720 1814 0 65 11 217
0 1720 1814 1 96 197 218
0 1728 1822 0 95 196 219
0 1730 1824 0 52 125 220
0 1730 1825 0 69 11 221
0 1750 1846 0 68 11 222
0 1752 1848 0 99 196 223
0 1755 1851 0 51 125 224
0 1758 1854 1 93 198 225
0 1769 1866 0 57 187 226
0 1778 1875 0 69 11 227
0 1781 1878 0 99 196 228
0 1794 1892 0 96 197 229
0 1799 1897 0 70 11 230
0 1830 1930 0 68 10 231
0 1833 1933 0 96 197 232
0 1834 1934 1 69 11 233
0 1862 1963 0 101 196 234
0 1869 1971 0 92 198 235
0 1870 1972 0 49 126 236
0 1870 1972 0 69 11 237
0 1871 1973 1 51 124 238
0 1873 1975 0 68 11 239
0 1894 1997 1 96 197 240
23 61 1929 1 33 156 241
31 20 236 0 33 156 242
32 6 472 1 34 155 243
32 59 1708 1 33 157 244
34 2 391 1 33 157 245
36 185 554 0 63 21 246
38 72 511 1 33 156 247
39 43 925 1 33 156 248
42 26 775 1 34 157 249
47 65 251 0 32 158 250
47 219 716 0 33 156 251
54 71 1294 0 33 157 252
55 46 1834 1 33 156 253
59 22 227 1 33 156 254
64 7 1076 1 33 156 255
66 11 1725 1 33 157 256
67 10 1494 1 61 189 257
69 1 1842 1 68 169 258
70 75 1136 1 57 187 259
74 51 953 0 55 162 260
78 345 1154 1 57 187 261
80 70 1181 0 96 197 262
82 648 1770 1 51 125 263
89 61 499 0 68 11 264
90 111 885 1 35 151 265
90 224 1730 0 50 185 266
91 21 1149 1 87 198 267
92 59 1769 1 57 188 268
92 181 1925 0 58 186 269
95 201 434 0 88 198 270
97 368 1344 1 57 186 271
102 64 937 1 57 187 272
112 5 636 1 57 187 273
121 4 1319 1 57 186 274
121 254 1940 1 57 187 275
129 94 437 0 58 187 276
134 65 569 1 34 154 277
145 3 274 1 60 188 278
154 23 630 1 32 157 279
154 23 637 1 32 159 280
157 9 1436 1 33 156 281
160 353 1454 0 105 194 282
163 504 703 0 69 11 283
164 20 1195 0 33 157 284
164 406 1824 1 12 163 285
165 36 915 1 118 188 286
165 56 1930 1 79 196 287
168 1 381 1 33 154 288
168 77 819 1 34 156 289
168 114 1444 0 34 157 290
168 352 1150 0 33 157 291
173 93 809 0 33 156 292
174 13 1145 1 33 156 293
178 52 279 1 33 157 294
179 55 960 1 35 154 295
180 18 322 1 57 186 296
181 81 1031 0 91 193 297
185 4 409 0 70 10 298
189 19 1187 1 33 157 299
189 54 340 0 58 183 300
190 591 1741 0 31 153 301
194 1 624 1 88 199 302
195 5 1635 1 97 197 303
196 87 493 1 97 196 304
197 244 1379 1 58 187 305
200 28 354 1 57 188 306
200 276 1776 1 57 188 307
201 2 695 1 58 185 308
206 24 1422 1 52 125 309
207 12 487 1 52 125 310
208 9 385 0 51 125 311
209 226 1756 1 52 125 312
209 242 1148 1 51 125 313
210 162 681 1 51 124 314
211 78 1059 1 51 124 315
212 119 1495 1 51 124 316
213 297 529 1 51 124 317
216 7 1259 1 51 124 318
216 227 551 0 51 125 319
219 22 441 0 51 124 320
221 160 884 1 51 124 321
221 165 1371 1 52 124 322
225 1 291 1 50 124 323
227 1221 1514 0 50 124 324
228 204 744 1 50 124 325
228 910 1831 0 51 124 326
229 24 344 1 50 124 327
230 27 883 0 97 196 328
232 165 1142 1 97 197 329
236 844 1251 1 97 196 330
238 215 1083 1 33 157 331
238 1541 1863 0 33 157 332
240 24 570 0 33 157 333
242 45 1184 1 33 157 334
270 398 1526 0 33 157 335
271 3 1060 0 34 157 336
277 1 1619 1 33 157 337
279 50 1146 1 34 157 338
284 178 1425 0 33 156 339
285 40 722 1 33 157 340
286 542 1205 0 32 157 341
286 835 1546 1 35 158 342
287 284 1703 1 33 157 343
291 3 317 0 33 157 344
291 9 315 1 33 157 345
291 51 1632 1 33 157 346
301 3 334 1 33 157 347
301 1609 1997 0 34 157 348
307 6 734 1 33 157 349
307 82 1190 1 33 157 350
308 5 452 1 32 157 351
309 482 1891 0 32 157 352
316 3 335 1 33 157 353
316 4 856 0 32 157 354
316 30 863 1 33 157 355
320 1 1426 0 36 155 356
323 156 1326 1 33 156 357
333 27 471 1 33 157 358
341 10 383 0 33 157 359
343 265 1349 1 33 156 360
344 1 665 0 33 157 361
345 5 1821 1 33 157 362
345 52 652 0 33 157 363
346 103 1392 1 32 157 364
348 416 1542 1 33 157 365
349 240 1550 1 33 157 366
350 82 565 1 32 158 367
351 70 1804 1 32 157 368
351 137 1083 1 33 157 369
352 186 1889 1 32 158 370
361 78 1996 1 70 10 371
363 5 1658 1 34 156 372
363 11 621 1 69 10 373
367 56 1813 1 48 177 374
367 65 507 1 34 157 375
369 1 762 0 147 165 376
370 113 992 0 63 190 377
371 150 1945 1 57 186 378
377 5 515 0 58 186 379
379 1494 1954 0 82 13 380
381 85 1089 0 57 187 381
383 117 1429 1 33 156 382
385 1 1233 1 33 156 383
390 42 1471 1 43 166 384
390 977 1422 0 41 159 385
393 912 1356 0 1 168 386
395 1301 1766 0 123 185 387
405 691 1136 0 188 86 388
405 821 1273 0 40 153 389
411 20 530 1 57 187 390
415 1414 1906 0 89 199 391
418 305 741 1 33 158 392
419 16 898 1 31 158 393
419 27 1359 1 57 187 394
427 67 1729 1 33 158 395
428 135 1602 1 140 175 396
429 1 1403 1 51 124 397
430 1 1821 1 96 196 398
431 18 1545 1 70 162 399
431 48 1677 1 81 172 400
431 70 1884 1 57 187 401
431 489 1048 1 57 187 402
433 381 1050 1 57 187 403
434 327 1062 1 33 156 404
445 98 1845 0 32 155 405
446 135 1695 1 58 187 406
452 823 1560 1 33 158 407
457 1 741 1 62 119 408
457 234 1347 1 31 157 409
457 1426 1960 1 34 156 410
464 70 717 1 33 156 411
468 3 1118 0 33 156 412
470 151 1385 1 34 156 413
471 108 1644 1 34 156 414
475 44 1125 0 34 154 415
480 22 975 0 79 197 416
482 5 1948 1 59 185 417
484 174 779 1 60 188 418
488 71 1880 0 52 186 419
491 95 1983 1 59 185 420
492 1 911 0 53 185 421
494 15 583 0 60 189 422
505 1 1101 0 60 189 423
505 1274 1849 1 77 189 424
506 16 804 1 60 189 425
515 181 1835 0 65 10 426
519 224 1543 1 88 5 427
520 1000 1575 0 88 4 428
522 77 1450 0 70 10 429
524 23 928 1 188 86 430
524 733 1614 1 69 10 431
525 17 1093 1 188 86 432
525 41 903 1 189 86 433
532 77 1740 1 49 177 434
536 259 1754 1 49 177 435
537 10 765 1 84 181 436
537 26 1558 1 2 168 437
540 3 1323 0 93 199 438
542 10 681 0 96 196 439
543 43 1663 1 57 188 440
544 5 1899 1 71 12 441
545 97 1998 0 57 188 442
547 82 958 1 33 157 443
548 164 1055 1 92 199 444
549 184 852 1 58 188 445
553 23 1264 1 59 187 446
555 2 1005 0 58 187 447
559 113 1575 0 90 199 448
563 15 1699 1 57 187 449
563 76 1224 1 58 186 450
566 61 1395 1 57 187 451
567 9 772 1 57 187 452
567 35 1289 1 57 188 453
567 118 1015 1 64 189 454
570 55 1796 1 57 188 455
572 128 1686 1 63 190 456
573 24 986 1 51 124 457
574 64 1315 1 51 124 458
578 246 1570 1 50 124 459
582 22 795 1 2 168 460
587 147 994 0 11 167 461
588 567 1188 0 34 156 462
594 1 713 1 57 188 463
601 76 1448 1 58 188 464
602 102 1749 1 57 187 465
603 166 1793 1 57 188 466
605 1 719 1 60 188 467
605 1 906 0 57 188 468
607 1 611 1 57 188 469
615 23 893 0 57 187 470
615 29 1370 1 63 190 471
615 781 1441 0 59 188 472
617 1 1790 0 59 188 473
618 55 1071 1 57 188 474
624 4 1236 1 58 188 475
624 4 1804 1 58 188 476
628 388 1039 1 53 185 477
631 931 1613 1 63 190 478
634 71 1356 0 58 186 479
636 1 1095 0 55 162 480
638 3 680 1 70 195 481
638 83 1638 1 57 186 482
638 155 1324 1 64 189 483
639 12 930 1 60 177 484
640 51 1872 1 56 185 485
640 169 1135 1 60 186 486
640 268 1752 1 57 186 487
641 60 1146 1 96 197 488
641 311 1882 1 58 185 489
642 138 1994 0 62 189 490
644 74 1746 1 58 186 491
646 139 1048 1 60 189 492
648 1 1377 0 57 186 493
650 353 1554 1 60 189 494
658 57 1063 1 58 188 495
661 103 1707 1 57 187 496
664 348 1661 1 63 190 497
670 51 787 1 62 189 498
670 81 1416 1 57 187 499
673 36 1365 0 58 186 500
674 43 1707 0 33 158 501
675 28 1068 0 31 157 502
676 86 1640 1 34 155 503
680 42 1609 1 33 157 504
680 107 1764 1 33 155 505
682 2 1029 1 33 157 506
684 59 1250 1 32 158 507
687 129 1534 0 33 156 508
692 67 1215 1 33 156 509
693 1 1560 1 33 156 510
693 144 1547 1 31 153 511
694 90 1780 0 33 158 512
695 14 848 0 35 138 513
698 3 771 1 36 156 514
699 109 1678 0 31 153 515
700 286 1410 1 30 156 516
700 413 1587 1 135 177 517
700 642 1998 0 97 196 518
701 77 945 1 93 188 519
704 4 1960 0 98 197 520
707 61 1197 1 95 195 521
708 24 1213 1 94 198 522
709 9 778 1 53 183 523
709 517 1559 1 110 196 524
710 332 1546 0 67 10 525
711 42 1066 0 57 188 526
712 1 1669 1 58 186 527
713 32 902 1 58 186 528
718 246 1430 0 58 186 529
718 820 1873 1 57 188 530
719 36 796 0 56 186 531
719 82 909 1 60 189 532
720 29 1048 1 95 197 533
723 231 1733 1 97 196 534
724 44 1168 1 103 197 535
725 19 1074 0 95 195 536
725 121 1810 1 101 196 537
727 34 1786 1 96 196 538
729 753 1929 1 97 196 539
731 8 896 1 96 197 540
731 73 1084 1 103 197 541
731 562 1889 1 96 197 542
732 45 1902 1 98 197 543
734 17 1133 0 100 194 544
734 103 1219 1 93 198 545
737 95 1501 1 95 198 546
737 671 1445 0 101 196 547
738 90 858 1 94 196 548
740 47 1718 1 96 197 549
741 17 851 1 102 189 550
741 1060 1860 1 95 198 551
743 12 974 0 95 197 552
744 12 972 1 93 198 553
745 97 1592 1 98 197 554
749 7 783 1 96 196 555
749 37 1519 1 96 196 556
749 353 1289 1 109 196 557
751 19 981 1 97 196 558
758 7 890 1 94 197 559
760 111 1445 1 102 197 560
761 35 1255 1 96 196 561
762 8 927 1 94 197 562
764 1 849 0 96 193 563
765 40 1170 1 96 196 564
765 144 1671 1 96 195 565
766 86 1760 1 96 197 566
769 5 863 0 97 196 567
769 41 1741 1 93 197 568
769 76 1762 1 109 196 569
773 1 792 1 97 197 570
773 475 1274 0 95 197 571
776 11 873 0 98 196 572
778 43 1109 0 93 198 573
783 56 1953 1 93 197 574
784 37 1052 1 96 194 575
785 50 1019 0 93 198 576
786 4 1766 1 95 195 577
786 62 1531 1 95 198 578
789 1 1489 0 96 196 579
789 37 1099 1 94 197 580
789 47 1656 1 97 197 581
789 801 1801 0 96 196 582
790 2 805 1 96 197 583
790 194 997 0 96 197 584
794 10 1168 1 96 197 585
798 4 867 1 96 196 586
800 9 1081 1 97 197 587
802 11 957 1 94 198 588
802 428 1587 1 95 197 589
805 3 1495 0 95 198 590
809 19 1031 1 96 197 591
811 360 1364 1 95 197 592
812 3 961 1 95 196 593
812 18 1092 1 95 198 594
815 134 1595 1 97 196 595
819 3 851 1 99 197 596
819 472 1319 0 94 198 597
820 57 1709 1 95 197 598
821 30 1267 1 97 195 599
822 10 919 1 95 195 600
822 31 1001 0 97 197 601
822 186 1530 1 96 197 602
827 10 915 0 34 154 603
830 49 1466 0 63 190 604
833 8 916 0 58 187 605
834 150 1184 1 58 186 606
838 4 1221 1 57 187 607
841 63 1245 0 63 191 608
843 7 1015 0 64 189 609
843 23 1322 1 56 187 610
843 39 1260 1 58 186 611
844 24 1336 1 56 187 612
844 56 1319 1 56 187 613
847 130 1920 1 88 199 614
853 44 1715 1 57 186 615
859 21 1944 1 59 188 616
860 9 1062 1 57 187 617
864 2 1066 1 57 187 618
865 277 1690 1 59 185 619
869 15 1455 1 57 187 620
874 464 1818 1 57 188 621
876 23 1349 1 57 187 622
876 266 1885 1 60 182 623
877 150 1900 0 57 186 624
878 75 1570 1 57 187 625
882 20 1551 1 53 184 626
888 12 985 1 58 188 627
892 1 960 0 59 188 628
892 1 1165 1 54 186 629
896 64 965 1 58 185 630
898 3 1832 1 57 187 631
899 52 1754 1 57 172 632
900 93 1041 0 57 188 633
901 14 1281 1 59 187 634
903 5 951 1 75 182 635
907 115 1030 1 91 198 636
911 3 1548 1 46 183 637
915 260 1482 1 63 190 638
916 233 1535 1 58 184 639
916 306 1889 1 57 187 640
918 3 1816 1 61 189 641
919 31 1564 0 57 188 642
921 4 1902 0 57 187 643
921 35 1132 1 57 188 644
922 107 1443 1 62 190 645
922 428 1952 1 61 189 646
924 59 1031 1 57 187 647
926 15 1376 0 56 186 648
926 92 1569 1 89 199 649
928 20 1055 1 100 196 650
928 186 1681 0 64 190 651
929 2 1100 1 95 195 652
934 2 968 1 59 188 653
934 15 1032 1 57 186 654
935 3 1637 0 58 186 655
935 87 1514 0 58 186 656
935 118 1693 1 63 190 657
938 820 1803 1 64 192 658
942 21 1252 0 56 185 659
950 1 1071 1 63 189 660
954 1 1331 1 101 197 661
955 3 1878 1 103 195 662
967 14 1270 1 53 186 663
969 33 1117 1 56 184 664
971 8 1546 1 64 190 665
973 14 1198 0 61 189 666
973 89 1511 0 58 185 667
975 185 1995 1 57 187 668
982 1 1970 1 57 187 669
982 6 1255 1 58 187 670
982 22 1316 1 57 187 671
985 117 1424 1 62 189 672
992 138 1840 0 59 185 673
999 27 1271 1 58 187 674
1003 13 1333 1 58 188 675
1005 594 1977 1 58 186 676
1017 6 1137 1 57 186 677
1021 1 1203 1 58 187 678
1024 90 1993 0 57 186 679
1027 14 1623 1 58 186 680
1032 4 1079 1 59 186 681
1034 15 1530 1 57 186 682
1038 2 1643 0 39 181 683
1039 36 1746 1 58 187 684
1046 1 1610 0 59 186 685
1046 1 1657 1 58 187 686
1048 27 1818 1 58 187 687
1053 5 1242 1 57 185 688
1054 214 1430 0 58 187 689
1055 91 1978 0 58 188 690
1056 310 1767 1 58 188 691
1066 589 1834 1 57 186 692
1074 1 1136 1 55 185 693
1082 8 1846 0 33 157 694
1085 7 1184 1 64 190 695
1088 102 1886 0 60 188 696
1089 7 1446 1 51 185 697
1090 117 1887 0 53 186 698
1092 171 1275 1 60 188 699
1093 117 1219 1 60 189 700
1094 3 1983 1 58 185 701
1098 29 1493 1 50 184 702
1098 51 1378 1 58 186 703
1099 736 1876 1 65 176 704
1102 483 1613 1 51 124 705
1105 48 1274 1 33 135 706
1106 8 1263 1 96 191 707
1106 89 1768 0 69 11 708
1106 711 1856 0 68 11 709
1107 79 1417 0 70 10 710
1110 6 1737 1 58 186 711
1110 71 1337 1 57 186 712
1113 77 1976 1 58 186 713
1114 2 1575 1 63 190 714
1114 53 1629 0 58 186 715
1117 56 1483 1 58 188 716
1118 535 1683 1 58 187 717
1119 552 1704 0 64 190 718
1120 15 1239 1 63 190 719
1129 97 1697 1 57 188 720
1133 45 1505 1 60 188 721
1134 37 1595 1 57 187 722
1134 71 1815 1 59 188 723
1144 62 1987 0 58 185 724
1145 1 1242 1 58 185 725
1146 17 1472 1 60 189 726
1147 46 1949 1 56 186 727
1156 2 1179 1 58 185 728
1156 75 1619 0 58 185 729
1163 75 1504 1 57 188 730
1163 94 1633 1 57 186 731
1164 609 1808 1 56 185 732
1165 125 1299 0 56 186 733
1166 3 1856 1 56 186 734
1167 25 1946 1 64 189 735
1167 461 1735 1 63 190 736
1171 9 1194 1 60 188 737
1172 65 1680 1 56 187 738
1173 8 1247 1 62 189 739
1173 72 1881 1 53 186 740
1175 2 1196 1 54 186 741
1178 4 1273 0 61 188 742
1179 15 1832 1 64 190 743
1180 10 1328 0 33 160 744
1181 22 1252 1 32 159 745
1185 65 1863 1 31 161 746
1187 1 1293 0 33 156 747
1192 151 1853 1 61 189 748
1199 10 1285 1 58 186 749
1201 362 1924 0 61 189 750
1208 48 1501 0 57 187 751
1215 608 1858 0 61 189 752
1217 11 1860 1 58 187 753
1223 282 1819 1 53 186 754
1224 30 1332 1 53 186 755
1228 10 1390 1 58 186 756
1230 1 1366 0 57 187 757
1231 521 1782 0 63 190 758
1233 295 1547 1 58 187 759
1245 2 1288 1 60 173 760
1247 2 1663 0 48 177 761
1249 9 1908 1 49 177 762
1251 1 1302 1 48 177 763
1257 13 1509 1 48 177 764
1257 40 1672 1 48 177 765
1257 42 1981 0 48 178 766
1259 17 1892 1 49 177 767
1275 4 1315 1 49 177 768
1275 48 1675 1 48 177 769
1275 62 1514 1 48 177 770
1279 3 1414 1 47 177 771
1280 13 1597 1 49 177 772
1280 22 1419 1 96 197 773
1281 46 1903 1 49 177 774
1284 3 1332 1 2 168 775
1286 56 1799 1 7 159 776
1286 149 1984 1 2 168 777
1291 49 1687 1 13 163 778
1293 78 1493 1 8 158 779
1293 372 1969 1 2 169 780
1297 1 1472 1 11 167 781
1303 8 1384 1 93 198 782
1303 45 1663 1 2 168 783
1303 94 1679 1 101 197 784
1306 3 1321 1 60 188 785
1311 11 1604 1 61 189 786
1311 15 1485 1 58 186 787
1313 169 1700 1 65 10 788
1317 3 1997 1 51 125 789
1317 12 1449 0 51 124 790
1317 54 1775 0 51 124 791
1317 72 1895 1 50 125 792
1319 100 1770 0 50 124 793
1322 157 1719 1 51 125 794
1323 69 1924 1 50 124 795
1325 54 1849 0 51 124 796
1328 4 1381 1 51 125 797
1328 29 1557 0 51 125 798
1330 150 1866 0 50 125 799
1332 2 1743 0 51 126 800
1335 78 1705 1 49 124 801
1336 86 1768 0 52 125 802
1344 299 1879 1 51 124 803
1351 2 1822 1 51 126 804
1352 24 1740 1 51 125 805
1361 17 1494 1 51 125 806
1371 55 1849 1 51 124 807
1372 1 1535 1 53 125 808
1375 18 1933 1 50 125 809
1380 25 1840 1 51 124 810
1383 46 1687 0 51 125 811
1388 3 1455 0 51 124 812
1388 16 1785 1 50 124 813
1388 20 1835 0 50 124 814
1390 1 1408 1 51 124 815
1396 24 1693 1 188 86 816
1396 260 1996 1 51 124 817
1400 1 1618 1 50 124 818
1402 14 1937 1 119 101 819
1402 21 1759 1 11 167 820
1404 54 1492 1 51 124 821
1404 188 1941 1 57 186 822
1408 36 1549 1 31 166 823
1409 2 1436 1 51 124 824
1433 28 1922 1 51 124 825
1436 27 1609 1 48 177 826
1437 45 1552 0 69 10 827
1437 50 1809 1 69 10 828
1438 10 1480 0 58 187 829
1440 47 1921 1 57 187 830
1441 4 1506 1 65 191 831
1447 1 1452 1 58 187 832
1448 336 1803 0 58 186 833
1454 11 1563 1 59 186 834
1455 28 1538 1 59 186 835
1474 1 1489 1 57 187 836
1478 16 1641 1 57 187 837
1481 1 1957 1 55 184 838
1482 41 1991 0 33 156 839
1484 6 1503 0 33 158 840
1485 188 1739 1 32 153 841
1491 59 1820 1 32 157 842
1498 3 1521 1 32 157 843
1502 7 1584 1 32 157 844
1502 29 1858 1 101 197 845
1508 33 1604 1 96 191 846
1513 19 1730 1 34 157 847
1514 5 1882 1 2 168 848
1515 1 1793 1 56 187 849
1515 3 1610 1 2 168 850
1515 9 1605 1 12 164 851
1515 11 1582 0 2 168 852
1515 11 1628 0 10 167 853
1516 14 1664 1 58 187 854
1522 211 1747 1 2 168 855
1526 334 1955 1 13 162 856
1529 19 1937 1 11 167 857
1529 176 1909 0 2 169 858
1530 17 1856 1 56 187 859
1530 25 1884 1 58 188 860
1535 45 1587 0 11 167 861
1536 1 1853 1 3 168 862
1542 35 1939 1 2 169 863
1557 1 1960 0 58 187 864
1560 7 1700 1 38 148 865
1563 42 1818 1 13 160 866
1565 3 1700 1 3 168 867
1565 15 1669 1 57 187 868
1567 1 1706 0 11 167 869
1568 253 1942 1 58 188 870
1575 40 1622 1 4 168 871
1577 4 1955 1 57 188 872
1578 10 1691 1 56 187 873
1581 12 1719 1 56 187 874
1586 209 1916 1 58 188 875
1589 76 1942 1 58 187 876
1599 7 1622 1 58 187 877
1600 5 1650 1 57 187 878
1603 1 1619 1 58 187 879
1606 5 1881 0 58 187 880
1609 119 1826 1 58 187 881
1615 10 1730 1 58 187 882
1616 51 1791 1 58 187 883
1619 52 1675 1 58 185 884
1620 16 1733 1 57 187 885
1625 7 1691 1 58 187 886
1627 1 1697 1 57 187 887
1627 166 1804 1 58 186 888
1630 1 1688 0 57 188 889
1634 13 1738 1 58 187 890
1637 4 1646 0 58 187 891
1638 9 1932 1 57 186 892
1639 16 1702 1 58 187 893
1641 18 1852 1 57 187 894
1644 9 1819 1 58 187 895
1649 5 1694 1 58 187 896
1649 10 1922 1 58 187 897
1649 50 1776 1 57 187 898
1651 115 1876 1 57 187 899
1653 12 1744 1 57 187 900
1654 46 1883 1 51 125 901
1658 3 1758 1 51 124 902
1665 11 1856 1 51 124 903
1665 13 1902 1 51 124 904
1665 22 1785 1 188 87 905
1670 34 1802 1 50 124 906
1674 45 1855 1 51 124 907
1676 15 1827 1 51 124 908
1677 3 1709 0 50 124 909
1677 22 1911 1 50 125 910
1678 3 1696 1 50 124 911
1678 52 1982 0 51 124 912
1681 33 1734 1 51 124 913
1686 10 1773 0 50 124 914
1691 1 1881 0 51 124 915
1691 121 1945 0 49 124 916
1692 23 1907 0 53 126 917
1699 2 1844 1 52 125 918
1699 119 1878 0 52 125 919
1700 14 1943 1 61 122 920
1707 33 2000 1 119 101 921
1716 47 1951 1 50 124 922
1728 5 1964 1 32 157 923
1730 23 1972 1 35 154 924
1731 1 1830 1 51 125 925
1731 9 1938 0 50 124 926
1732 4 1845 1 52 124 927
1732 5 1916 1 35 155 928
1734 3 1789 1 32 157 929
1735 89 1942 1 32 157 930
1738 5 1818 1 34 157 931
1739 1 1981 1 33 156 932
1739 1 1982 1 33 158 933
1761 2 1797 1 33 158 934
1761 3 1936 1 33 158 935
1764 11 1836 1 33 157 936
1767 9 1780 1 33 157 937
1768 14 1786 1 33 158 938
1769 25 1798 1 33 156 939
1775 12 1882 1 34 156 940
1776 148 1935 1 67 10 941
1785 36 1881 1 69 10 942
1789 3 1836 1 69 11 943
1789 6 1955 1 68 10 944
1789 8 1996 1 68 11 945
1791 9 1804 1 68 11 946
1796 16 1912 1 65 10 947
1797 3 1816 1 69 10 948
1797 28 1959 1 65 10 949
1798 1 1812 1 67 10 950
1798 22 1918 1 68 11 951
1799 6 1870 1 67 10 952
1802 1 1860 0 68 11 953
1808 26 1968 1 68 11 954
1809 1 1817 0 68 11 955
1810 15 1948 1 68 11 956
1811 1 1990 0 69 10 957
1814 1 1885 0 69 11 958
1818 3 1834 0 66 10 959
1822 6 1934 1 67 10 960
1824 66 1938 1 65 10 961
1825 21 1881 1 68 10 962
1830 1 1843 0 71 10 963
1830 9 1923 1 68 10 964
1832 2 1873 1 49 124 965
1833 5 1844 1 50 126 966
1838 45 1990 1 51 124 967
1839 1 1981 0 50 124 968
1839 3 1857 1 49 124 969
1841 1 1908 1 49 124 970
1842 1 1858 1 50 124 971
1842 1 1998 1 47 125 972
1842 4 1879 1 51 124 973
1843 3 1928 1 50 124 974
1844 3 1886 1 50 128 975
1858 1 1886 1 49 126 976
1861 1 1875 1 50 125 977
1862 2 1885 1 190 115 978
1863 3 1956 1 47 124 979
1868 1 1871 1 188 86 980
1868 48 1988 1 188 86 981
1869 4 1900 1 51 125 982
1870 2 1884 0 97 197 983
1870 3 1913 1 95 197 984
1870 69 1945 1 96 198 985
1873 5 1912 1 95 197 986
1875 12 2000 1 95 197 987
1879 9 1972 1 95 197 988
1882 1 1897 0 96 197 989
1882 1 1898 1 95 197 990
1889 18 1954 1 98 196 991
1889 20 1971 0 98 197 992
1890 25 1996 1 98 196 993
1891 1 1908 1 99 197 994
1893 30 1932 0 93 198 995
1893 60 1987 0 92 199 996
1896 3 1950 1 112 193 997
1898 2 1909 1 61 189 998
1898 5 1921 1 59 186 999
1898 5 1956 1 57 186 1000
