500
133 172
116 149
133 106
127 170
130 169
103 152
106 166
143 170
155 149
122 169
155 104
105 151
171 157
113 143
111 147
119 100
152 144
124 111
131 100
128 137
152 152
113 166
163 158
106 153
161 135
161 160
112 139
144 171
183 153
113 106
136 162
138 162
168 115
181 129
137 169
143 165
158 159
161 148
110 141
132 149
151 103
143 96
100 154
107 157
107 166
183 128
107 164
174 139
120 167
113 163
163 154
149 163
153 163
153 162
173 124
116 101
100 155
103 160
127 138
113 101
113 149
123 140
156 158
105 164
134 151
124 139
113 160
119 104
126 168
99 160
106 162
157 162
110 165
107 145
165 158
107 158
121 164
108 152
128 168
147 167
136 136
106 149
111 160
129 171
143 169
108 156
160 144
124 165
117 141
116 158
147 168
157 153
168 158
133 98
174 133
172 134
115 168
123 139
105 156
132 102
132 147
156 107
136 169
133 99
111 158
112 165
165 135
116 157
137 158
141 149
151 154
143 168
109 155
105 162
155 106
121 144
159 158
135 158
114 103
147 163
114 140
114 108
145 166
170 140
170 139
147 164
117 162
108 144
122 157
135 104
100 151
122 171
109 152
101 156
151 162
99 159
120 166
144 167
157 147
138 170
110 142
133 154
130 199
123 165
166 99
90 157
121 145
169 146
123 138
101 162
106 147
87 162
104 150
121 171
99 149
118 169
125 108
127 113
149 164
131 101
129 101
91 156
156 99
120 147
136 157
112 155
143 166
157 150
182 150
125 169
102 156
113 104
137 152
84 160
108 142
152 100
179 140
157 146
154 99
89 161
103 148
137 168
139 106
153 146
136 164
132 170
139 121
141 162
86 159
160 143
156 162
129 157
154 134
114 100
133 109
156 148
104 154
170 124
169 124
124 167
114 150
157 105
101 164
116 106
149 162
86 160
128 169
147 155
146 108
128 112
169 157
106 161
117 100
136 107
116 107
153 136
135 162
126 162
129 99
139 131
117 169
116 168
179 153
137 170
165 156
115 166
136 163
172 124
122 100
166 157
177 133
135 135
133 170
131 166
101 148
113 150
165 123
110 145
182 149
114 104
157 148
155 129
153 103
123 143
113 138
125 100
117 138
165 155
185 140
152 164
146 130
109 157
129 150
147 108
146 162
120 164
157 102
123 117
182 132
112 158
88 161
122 108
130 140
101 158
150 165
139 169
150 103
158 148
104 147
104 161
123 163
105 157
118 142
151 108
120 107
117 165
164 158
102 153
186 128
111 163
112 157
99 150
175 135
120 103
138 117
136 165
136 170
129 169
122 128
147 134
119 163
115 99
110 144
113 157
126 170
131 98
149 131
184 134
109 141
102 160
113 147
100 160
109 165
123 104
138 163
165 154
168 112
115 164
148 159
103 155
135 109
117 101
83 161
167 134
131 165
104 149
111 145
123 154
143 172
100 150
167 158
159 140
138 171
138 158
122 162
139 170
109 161
165 102
111 165
177 124
119 107
160 98
115 159
159 161
134 98
108 165
101 151
134 116
121 170
111 144
148 106
111 143
156 161
116 167
114 168
100 162
148 158
107 146
123 102
170 157
119 162
152 103
192 152
106 158
115 143
109 153
142 169
173 156
152 108
126 167
147 130
128 165
142 168
162 142
124 100
106 155
153 114
132 146
99 152
149 151
175 133
125 111
144 163
130 98
124 166
126 165
142 161
104 148
142 170
115 113
156 142
108 155
144 96
143 151
117 167
169 142
99 151
154 101
159 162
107 155
152 105
112 164
123 101
113 142
119 103
120 170
154 103
139 128
168 129
128 99
138 169
154 97
109 166
134 171
124 103
101 153
173 123
140 163
138 109
113 137
118 100
110 166
165 152
156 164
149 106
124 160
152 107
104 153
158 157
140 165
120 101
123 99
184 129
160 138
113 99
137 167
178 132
151 104
165 151
117 142
115 167
127 169
131 112
143 124
116 143
110 153
115 100
90 160
102 148
135 149
108 143
116 159
184 151
179 128
105 146
141 106
105 148
139 103
116 138
139 164
136 171
137 134
84 161
153 107
85 160
119 167
123 166
141 163
157 163
125 171
85 161
105 159
115 138
184 130
157 160
112 147
99 158
116 108
104 159
103 154
158 158
112 104
141 170
148 154
90 159
123 168
100 153
174 156
111 157
160 145
99 154
119 166
142 156
152 131
167 148
134 170
119 101
119 153
110 163
133 111
118 106
132 169
167 121
159 150
107 148
94 154
100 149
164 124
120 165
125 101
0 7 11 0 33 158 1
0 23 28 0 102 197 2
0 39 44 0 96 197 3
0 79 87 0 78 190 4
0 162 174 1 95 197 5
0 164 176 0 97 196 6
0 196 210 1 63 190 7
0 344 366 1 67 174 8
0 345 367 0 100 196 9
0 383 407 0 95 197 10
0 399 423 1 96 197 11
0 540 572 1 96 195 12
0 626 662 0 94 198 13
0 670 709 0 63 190 14
0 694 734 1 93 198 15
0 698 738 0 96 197 16
0 704 744 0 96 197 17
0 757 800 0 95 198 18
0 866 915 0 96 197 19
0 892 942 1 96 197 20
0 928 980 0 96 198 21
0 974 1029 0 96 197 22
0 1114 1176 1 94 197 23
0 1117 1179 0 97 197 24
0 1355 1430 1 74 186 25
0 1456 1536 1 96 197 26
0 1512 1595 0 33 156 27
0 1684 1776 0 96 197 28
0 1752 1848 0 99 196 29
0 1862 1963 1 101 196 30
24 172 703 1 96 197 31
88 15 982 1 96 198 32
93 25 348 0 92 198 33
95 104 775 0 96 196 34
99 14 1480 0 93 198 35
112 1 445 0 97 197 36
144 28 1013 1 146 165 37
173 151 1159 1 95 190 38
228 504 1501 1 97 196 39
276 2 306 1 95 197 40
276 24 488 0 96 196 41
377 47 1039 0 96 196 42
414 70 1146 1 136 177 43
446 22 966 0 93 198 44
452 71 1149 0 117 190 45
458 137 1353 1 101 197 46
617 219 997 1 96 196 47
632 178 1754 1 135 177 48
639 12 892 1 101 197 49
640 227 1595 1 96 197 50
656 388 1461 1 101 197 51
665 86 1564 1 96 197 52
666 190 911 1 102 196 53
694 35 1039 1 101 196 54
701 40 816 1 98 196 55
749 90 1122 1 98 197 56
794 315 1827 1 96 197 57
804 7 903 1 96 198 58
848 21 1176 1 100 196 59
898 606 1538 1 101 197 60
902 23 1897 1 96 197 61
953 7 1441 1 96 197 62
959 225 1986 1 96 195 63
966 6 1904 1 95 197 64
973 33 1495 1 95 197 65
1055 68 1586 1 97 196 66
1065 564 1787 1 93 199 67
1120 64 1619 1 96 198 68
1125 1 1372 1 95 196 69
1136 60 1951 0 96 197 70
1155 7 1560 1 96 197 71
1263 263 1832 0 96 197 72
1330 103 1898 0 96 197 73
1368 6 1395 1 103 196 74
1380 18 1601 0 96 197 75
1402 433 1860 1 102 197 76
1457 50 1907 0 94 196 77
1471 13 1615 1 100 197 78
1474 49 1998 1 96 196 79
1484 96 1758 0 92 199 80
1522 159 1692 0 112 193 81
1528 10 1751 1 92 198 82
1529 56 1647 1 110 196 83
1536 1 1971 1 95 197 84
1589 36 1884 1 94 198 85
1599 29 1830 1 97 197 86
1618 1 1632 1 96 196 87
1644 2 1691 1 96 197 88
1648 85 1849 1 2 167 89
1658 49 1831 1 93 197 90
1660 27 1831 1 31 161 91
1678 13 1766 1 34 155 92
1734 1 1756 1 51 124 93
1833 1 1931 1 69 11 94
1839 8 2000 1 57 188 95
1842 8 1946 1 69 11 96
1855 20 1898 1 68 10 97
1868 36 1975 1 69 11 98
1890 19 1972 1 69 10 99
1895 8 1996 1 70 11 100
