50
133 172
116 149
133 106
127 170
130 169
103 152
106 166
143 170
155 149
122 169
155 104
105 151
171 157
113 143
111 147
119 100
152 144
124 111
131 100
128 137
152 152
113 166
163 158
106 153
161 135
161 160
112 139
144 171
183 153
113 106
136 162
138 162
168 115
181 129
137 169
143 165
158 159
161 148
110 141
132 149
151 103
143 96
100 154
107 157
107 166
183 128
107 164
174 139
120 167
113 163
0 7 11 0 33 158 1
0 23 28 0 102 197 2
0 39 44 0 96 197 3
0 79 87 0 78 190 4
0 162 174 1 95 197 5
0 164 176 0 97 196 6
0 196 210 1 63 190 7
0 344 366 1 67 174 8
0 345 367 0 100 196 9
0 383 407 0 95 197 10
0 399 423 1 96 197 11
0 540 572 1 96 195 12
0 626 662 0 94 198 13
0 670 709 0 63 190 14
0 694 734 1 93 198 15
0 698 738 0 96 197 16
0 704 744 0 96 197 17
0 757 800 0 95 198 18
0 866 915 0 96 197 19
0 892 942 1 96 197 20
0 928 980 0 96 198 21
0 974 1029 0 96 197 22
0 1114 1176 1 94 197 23
0 1117 1179 0 97 197 24
0 1355 1430 1 74 186 25
0 1456 1536 1 96 197 26
0 1512 1595 0 33 156 27
0 1684 1776 0 96 197 28
0 1752 1848 0 99 196 29
0 1862 1963 1 101 196 30
24 172 703 1 96 197 31
88 15 982 1 96 198 32
93 25 348 0 92 198 33
95 104 775 0 96 196 34
99 14 1480 0 93 198 35
112 1 445 0 97 197 36
144 28 1013 1 146 165 37
173 151 1159 1 95 190 38
228 504 1501 1 97 196 39
276 2 306 1 95 197 40
276 24 488 0 96 196 41
377 47 1039 0 96 196 42
414 70 1146 1 136 177 43
446 22 966 0 93 198 44
452 71 1149 0 117 190 45
458 137 1353 1 101 197 46
617 219 997 1 96 196 47
632 178 1754 1 135 177 48
639 12 892 1 101 197 49
640 227 1595 1 96 197 50
656 388 1461 1 101 197 51
665 86 1564 1 96 197 52
666 190 911 1 102 196 53
694 35 1039 1 101 196 54
701 40 816 1 98 196 55
749 90 1122 1 98 197 56
794 315 1827 1 96 197 57
804 7 903 1 96 198 58
848 21 1176 1 100 196 59
898 606 1538 1 101 197 60
902 23 1897 1 96 197 61
953 7 1441 1 96 197 62
959 225 1986 1 96 195 63
966 6 1904 1 95 197 64
973 33 1495 1 95 197 65
1055 68 1586 1 97 196 66
1065 564 1787 1 93 199 67
1120 64 1619 1 96 198 68
1125 1 1372 1 95 196 69
1136 60 1951 0 96 197 70
1155 7 1560 1 96 197 71
1263 263 1832 0 96 197 72
1330 103 1898 0 96 197 73
1368 6 1395 1 103 196 74
1380 18 1601 0 96 197 75
1402 433 1860 1 102 197 76
1457 50 1907 0 94 196 77
1471 13 1615 1 100 197 78
1474 49 1998 1 96 196 79
1484 96 1758 0 92 199 80
1522 159 1692 0 112 193 81
1528 10 1751 1 92 198 82
1529 56 1647 1 110 196 83
1536 1 1971 1 95 197 84
1589 36 1884 1 94 198 85
1599 29 1830 1 97 197 86
1618 1 1632 1 96 196 87
1644 2 1691 1 96 197 88
1648 85 1849 1 2 167 89
1658 49 1831 1 93 197 90
1660 27 1831 1 31 161 91
1678 13 1766 1 34 155 92
1734 1 1756 1 51 124 93
1833 1 1931 1 69 11 94
1839 8 2000 1 57 188 95
1842 8 1946 1 69 11 96
1855 20 1898 1 68 10 97
1868 36 1975 1 69 11 98
1890 19 1972 1 69 10 99
1895 8 1996 1 70 11 100
