50
133 172
116 149
133 106
127 170
130 169
103 152
106 166
143 170
155 149
122 169
155 104
105 151
171 157
113 143
111 147
119 100
152 144
124 111
131 100
128 137
152 152
113 166
163 158
106 153
161 135
161 160
112 139
144 171
183 153
113 106
136 162
138 162
168 115
181 129
137 169
143 165
158 159
161 148
110 141
132 149
151 103
143 96
100 154
107 157
107 166
183 128
107 164
174 139
120 167
113 163
0 7 11 0 33 158 1
0 23 28 0 102 197 2
0 39 44 0 96 197 3
0 79 87 1 78 190 4
0 162 174 0 95 197 5
0 164 176 0 97 196 6
0 187 200 0 96 196 7
0 196 210 0 63 190 8
0 229 245 0 102 196 9
0 312 332 1 135 177 10
0 344 366 0 67 174 11
0 345 367 1 95 190 12
0 345 367 1 100 196 13
0 383 407 0 95 197 14
0 397 421 0 96 196 15
0 399 423 0 96 197 16
0 417 442 0 96 196 17
0 536 568 1 101 197 18
0 540 572 0 96 195 19
0 626 662 0 94 198 20
0 670 709 0 63 190 21
0 692 732 0 95 197 22
0 694 734 0 93 198 23
0 698 738 0 96 197 24
0 704 744 0 96 197 25
0 757 800 0 95 198 26
0 801 847 0 96 197 27
0 866 915 0 96 197 28
0 892 942 1 96 197 29
0 928 980 1 96 198 30
0 974 1029 1 96 197 31
0 1023 1854 0 93 198 32
0 1052 1111 0 97 197 33
0 1055 1114 1 96 198 34
0 1114 1176 1 94 197 35
0 1117 1179 0 97 197 36
0 1122 1185 1 117 190 37
0 1146 1210 0 96 196 38
0 1191 1257 1 101 197 39
0 1281 1352 1 96 197 40
0 1282 1353 0 101 197 41
0 1351 1426 1 93 198 42
0 1355 1430 0 74 186 43
0 1387 1463 0 146 165 44
0 1456 1536 0 96 197 45
0 1496 1578 0 136 177 46
0 1512 1595 0 33 156 47
0 1594 1681 0 97 196 48
0 1654 1744 0 96 197 49
0 1684 1776 1 96 197 50
0 1752 1848 1 99 196 51
0 1862 1963 1 101 196 52
0 1869 1971 1 92 198 53
39 1 148 0 101 196 54
83 98 1260 0 98 196 55
83 223 1752 1 98 197 56
90 39 423 0 96 197 57
135 5 1413 0 96 198 58
136 240 1590 0 100 196 59
142 1 1505 1 101 197 60
164 1 205 1 96 197 61
170 464 1723 1 96 197 62
190 474 1488 0 96 195 63
208 151 962 1 95 197 64
212 245 1927 1 95 197 65
221 1 896 0 97 196 66
227 622 1169 1 93 199 67
238 403 1589 0 96 198 68
251 314 1819 1 95 196 69
255 1 775 1 96 197 70
267 26 1149 1 96 197 71
282 264 563 0 96 197 72
305 150 1874 1 96 197 73
309 1 495 1 103 196 74
312 450 1475 1 96 197 75
315 60 753 0 102 197 76
340 63 617 0 94 196 77
341 24 706 0 100 197 78
345 166 1332 1 96 196 79
357 2 894 1 92 199 80
357 42 1170 0 112 193 81
368 84 1625 1 92 198 82
368 192 1428 1 110 196 83
381 191 585 0 95 197 84
385 38 1008 1 94 198 85
410 465 981 1 97 197 86
412 684 1638 1 96 196 87
415 1141 1619 0 96 197 88
421 84 715 1 2 167 89
426 42 751 1 93 197 90
429 1 823 0 31 161 91
430 8 572 1 34 155 92
449 115 1789 1 51 124 93
455 12 551 1 69 11 94
457 7 506 1 57 188 95
464 1 1754 1 69 11 96
480 43 1436 1 68 10 97
484 168 1501 1 69 11 98
509 142 1549 1 69 10 99
543 2 571 1 70 11 100
548 258 1293 1 70 11 101
553 29 1682 1 69 10 102
563 259 886 1 70 11 103
565 1 1185 0 69 11 104
567 15 699 0 69 11 105
586 124 1978 0 68 11 106
595 32 1419 1 68 11 107
602 81 1545 1 68 10 108
607 1310 1988 1 69 10 109
617 10 703 1 69 11 110
629 468 1807 1 68 11 111
643 4 712 1 67 10 112
643 116 1602 1 70 10 113
650 231 1495 1 69 11 114
652 129 1717 1 71 10 115
692 29 890 1 69 11 116
701 56 1573 1 69 11 117
711 434 1697 1 68 11 118
717 71 1639 1 69 10 119
727 9 1411 1 68 11 120
727 25 1325 1 70 10 121
732 2 746 0 68 11 122
738 6 749 1 67 11 123
741 234 1700 0 70 11 124
748 2 773 1 69 10 125
750 582 1708 1 69 11 126
755 2 1219 1 70 10 127
757 1 1919 0 69 10 128
764 1 1290 0 69 11 129
773 36 862 1 69 10 130
774 35 933 0 68 10 131
781 18 907 0 69 11 132
785 26 1182 1 69 10 133
797 45 1316 1 70 10 134
806 115 1939 1 69 11 135
821 46 1318 0 68 11 136
833 92 1762 1 68 10 137
851 222 1538 0 70 10 138
853 3 899 1 68 10 139
875 51 1390 1 69 10 140
878 4 1830 1 69 10 141
916 107 1879 1 69 11 142
920 1 1784 1 51 124 143
921 32 1814 1 51 124 144
925 323 1637 1 51 124 145
935 66 1564 1 51 125 146
944 83 1813 0 51 124 147
948 58 1418 0 51 125 148
973 130 1759 0 51 125 149
990 74 2000 1 51 125 150
1017 3 1088 1 52 125 151
1021 5 1080 1 51 125 152
1023 454 1811 1 51 125 153
1033 1 1067 1 51 124 154
1044 191 1805 1 51 125 155
1060 135 1895 1 51 125 156
1095 21 1813 1 51 125 157
1146 615 1952 1 51 124 158
1156 311 1495 1 49 126 159
1182 32 1940 1 53 127 160
1228 579 1848 0 54 126 161
1243 73 1587 1 51 124 162
1265 55 1819 1 52 125 163
1309 3 1543 1 50 124 164
1355 143 1661 1 34 133 165
1372 1 1499 1 52 111 166
1394 46 1997 1 51 124 167
1425 24 1518 0 53 124 168
1436 31 1820 0 52 125 169
1437 14 1589 1 52 111 170
1455 10 1556 1 52 125 171
1460 61 1829 1 51 124 172
1465 3 1486 1 51 124 173
1506 21 1835 1 51 124 174
1513 30 1856 1 51 124 175
1515 39 1608 1 51 125 176
1577 35 1819 1 51 125 177
1584 23 1926 1 51 125 178
1617 7 1719 1 52 125 179
1679 5 1824 1 51 125 180
1698 1 1815 0 52 125 181
1710 4 1833 1 50 124 182
1720 12 1956 1 53 126 183
1727 1 1738 1 50 125 184
1730 1 1917 0 53 134 185
1740 11 1756 1 49 124 186
1748 6 1863 1 51 125 187
1751 20 1952 1 50 124 188
1754 3 1809 1 53 125 189
1765 57 1887 1 54 121 190
1774 4 1970 1 52 124 191
1780 42 1827 1 52 125 192
1786 1 1899 0 51 125 193
1798 12 1908 1 51 125 194
1809 22 1945 1 72 196 195
1832 7 2000 1 67 10 196
1835 35 1896 1 70 10 197
1863 52 1942 1 63 11 198
1867 40 1982 1 36 154 199
1896 2 1921 1 63 190 200
