500
133 172
116 149
133 106
127 170
130 169
103 152
106 166
143 170
155 149
122 169
155 104
105 151
171 157
113 143
111 147
119 100
152 144
124 111
131 100
128 137
152 152
113 166
163 158
106 153
161 135
161 160
112 139
144 171
183 153
113 106
136 162
138 162
168 115
181 129
137 169
143 165
158 159
161 148
110 141
132 149
151 103
143 96
100 154
107 157
107 166
183 128
107 164
174 139
120 167
113 163
163 154
149 163
153 163
153 162
173 124
116 101
100 155
103 160
127 138
113 101
113 149
123 140
156 158
105 164
134 151
124 139
113 160
119 104
126 168
99 160
106 162
157 162
110 165
107 145
165 158
107 158
121 164
108 152
128 168
147 167
136 136
106 149
111 160
129 171
143 169
108 156
160 144
124 165
117 141
116 158
147 168
157 153
168 158
133 98
174 133
172 134
115 168
123 139
105 156
132 102
132 147
156 107
136 169
133 99
111 158
112 165
165 135
116 157
137 158
141 149
151 154
143 168
109 155
105 162
155 106
121 144
159 158
135 158
114 103
147 163
114 140
114 108
145 166
170 140
170 139
147 164
117 162
108 144
122 157
135 104
100 151
122 171
109 152
101 156
151 162
99 159
120 166
144 167
157 147
138 170
110 142
133 154
130 199
123 165
166 99
90 157
121 145
169 146
123 138
101 162
106 147
87 162
104 150
121 171
99 149
118 169
125 108
127 113
149 164
131 101
129 101
91 156
156 99
120 147
136 157
112 155
143 166
157 150
182 150
125 169
102 156
113 104
137 152
84 160
108 142
152 100
179 140
157 146
154 99
89 161
103 148
137 168
139 106
153 146
136 164
132 170
139 121
141 162
86 159
160 143
156 162
129 157
154 134
114 100
133 109
156 148
104 154
170 124
169 124
124 167
114 150
157 105
101 164
116 106
149 162
86 160
128 169
147 155
146 108
128 112
169 157
106 161
117 100
136 107
116 107
153 136
135 162
126 162
129 99
139 131
117 169
116 168
179 153
137 170
165 156
115 166
136 163
172 124
122 100
166 157
177 133
135 135
133 170
131 166
101 148
113 150
165 123
110 145
182 149
114 104
157 148
155 129
153 103
123 143
113 138
125 100
117 138
165 155
185 140
152 164
146 130
109 157
129 150
147 108
146 162
120 164
157 102
123 117
182 132
112 158
88 161
122 108
130 140
101 158
150 165
139 169
150 103
158 148
104 147
104 161
123 163
105 157
118 142
151 108
120 107
117 165
164 158
102 153
186 128
111 163
112 157
99 150
175 135
120 103
138 117
136 165
136 170
129 169
122 128
147 134
119 163
115 99
110 144
113 157
126 170
131 98
149 131
184 134
109 141
102 160
113 147
100 160
109 165
123 104
138 163
165 154
168 112
115 164
148 159
103 155
135 109
117 101
83 161
167 134
131 165
104 149
111 145
123 154
143 172
100 150
167 158
159 140
138 171
138 158
122 162
139 170
109 161
165 102
111 165
177 124
119 107
160 98
115 159
159 161
134 98
108 165
101 151
134 116
121 170
111 144
148 106
111 143
156 161
116 167
114 168
100 162
148 158
107 146
123 102
170 157
119 162
152 103
192 152
106 158
115 143
109 153
142 169
173 156
152 108
126 167
147 130
128 165
142 168
162 142
124 100
106 155
153 114
132 146
99 152
149 151
175 133
125 111
144 163
130 98
124 166
126 165
142 161
104 148
142 170
115 113
156 142
108 155
144 96
143 151
117 167
169 142
99 151
154 101
159 162
107 155
152 105
112 164
123 101
113 142
119 103
120 170
154 103
139 128
168 129
128 99
138 169
154 97
109 166
134 171
124 103
101 153
173 123
140 163
138 109
113 137
118 100
110 166
165 152
156 164
149 106
124 160
152 107
104 153
158 157
140 165
120 101
123 99
184 129
160 138
113 99
137 167
178 132
151 104
165 151
117 142
115 167
127 169
131 112
143 124
116 143
110 153
115 100
90 160
102 148
135 149
108 143
116 159
184 151
179 128
105 146
141 106
105 148
139 103
116 138
139 164
136 171
137 134
84 161
153 107
85 160
119 167
123 166
141 163
157 163
125 171
85 161
105 159
115 138
184 130
157 160
112 147
99 158
116 108
104 159
103 154
158 158
112 104
141 170
148 154
90 159
123 168
100 153
174 156
111 157
160 145
99 154
119 166
142 156
152 131
167 148
134 170
119 101
119 153
110 163
133 111
118 106
132 169
167 121
159 150
107 148
94 154
100 149
164 124
120 165
125 101
0 7 11 0 33 158 1
0 23 28 0 102 197 2
0 39 44 0 96 197 3
0 79 87 1 78 190 4
0 162 174 0 95 197 5
0 164 176 0 97 196 6
0 187 200 0 96 196 7
0 196 210 0 63 190 8
0 229 245 0 102 196 9
0 312 332 1 135 177 10
0 344 366 0 67 174 11
0 345 367 1 95 190 12
0 345 367 1 100 196 13
0 383 407 0 95 197 14
0 397 421 0 96 196 15
0 399 423 0 96 197 16
0 417 442 0 96 196 17
0 536 568 1 101 197 18
0 540 572 0 96 195 19
0 626 662 0 94 198 20
0 670 709 0 63 190 21
0 692 732 0 95 197 22
0 694 734 0 93 198 23
0 698 738 0 96 197 24
0 704 744 0 96 197 25
0 757 800 0 95 198 26
0 801 847 0 96 197 27
0 866 915 0 96 197 28
0 892 942 1 96 197 29
0 928 980 1 96 198 30
0 974 1029 1 96 197 31
0 1023 1854 0 93 198 32
0 1052 1111 0 97 197 33
0 1055 1114 1 96 198 34
0 1114 1176 1 94 197 35
0 1117 1179 0 97 197 36
0 1122 1185 1 117 190 37
0 1146 1210 0 96 196 38
0 1191 1257 1 101 197 39
0 1281 1352 1 96 197 40
0 1282 1353 0 101 197 41
0 1351 1426 1 93 198 42
0 1355 1430 0 74 186 43
0 1387 1463 0 146 165 44
0 1456 1536 0 96 197 45
0 1496 1578 0 136 177 46
0 1512 1595 0 33 156 47
0 1594 1681 0 97 196 48
0 1654 1744 0 96 197 49
0 1684 1776 1 96 197 50
0 1752 1848 1 99 196 51
0 1862 1963 1 101 196 52
0 1869 1971 1 92 198 53
39 1 148 0 101 196 54
83 98 1260 0 98 196 55
83 223 1752 1 98 197 56
90 39 423 0 96 197 57
135 5 1413 0 96 198 58
136 240 1590 0 100 196 59
142 1 1505 1 101 197 60
164 1 205 1 96 197 61
170 464 1723 1 96 197 62
190 474 1488 0 96 195 63
208 151 962 1 95 197 64
212 245 1927 1 95 197 65
221 1 896 0 97 196 66
227 622 1169 1 93 199 67
238 403 1589 0 96 198 68
251 314 1819 1 95 196 69
255 1 775 1 96 197 70
267 26 1149 1 96 197 71
282 264 563 0 96 197 72
305 150 1874 1 96 197 73
309 1 495 1 103 196 74
312 450 1475 1 96 197 75
315 60 753 0 102 197 76
340 63 617 0 94 196 77
341 24 706 0 100 197 78
345 166 1332 1 96 196 79
357 2 894 1 92 199 80
357 42 1170 0 112 193 81
368 84 1625 1 92 198 82
368 192 1428 1 110 196 83
381 191 585 0 95 197 84
385 38 1008 1 94 198 85
410 465 981 1 97 197 86
412 684 1638 1 96 196 87
415 1141 1619 0 96 197 88
421 84 715 1 2 167 89
426 42 751 1 93 197 90
429 1 823 0 31 161 91
430 8 572 1 34 155 92
449 115 1789 1 51 124 93
455 12 551 1 69 11 94
457 7 506 1 57 188 95
464 1 1754 1 69 11 96
480 43 1436 1 68 10 97
484 168 1501 1 69 11 98
509 142 1549 1 69 10 99
543 2 571 1 70 11 100
548 258 1293 1 70 11 101
553 29 1682 1 69 10 102
563 259 886 1 70 11 103
565 1 1185 0 69 11 104
567 15 699 0 69 11 105
586 124 1978 0 68 11 106
595 32 1419 1 68 11 107
602 81 1545 1 68 10 108
607 1310 1988 1 69 10 109
617 10 703 1 69 11 110
629 468 1807 1 68 11 111
643 4 712 1 67 10 112
643 116 1602 1 70 10 113
650 231 1495 1 69 11 114
652 129 1717 1 71 10 115
692 29 890 1 69 11 116
701 56 1573 1 69 11 117
711 434 1697 1 68 11 118
717 71 1639 1 69 10 119
727 9 1411 1 68 11 120
727 25 1325 1 70 10 121
732 2 746 0 68 11 122
738 6 749 1 67 11 123
741 234 1700 0 70 11 124
748 2 773 1 69 10 125
750 582 1708 1 69 11 126
755 2 1219 1 70 10 127
757 1 1919 0 69 10 128
764 1 1290 0 69 11 129
773 36 862 1 69 10 130
774 35 933 0 68 10 131
781 18 907 0 69 11 132
785 26 1182 1 69 10 133
797 45 1316 1 70 10 134
806 115 1939 1 69 11 135
821 46 1318 0 68 11 136
833 92 1762 1 68 10 137
851 222 1538 0 70 10 138
853 3 899 1 68 10 139
875 51 1390 1 69 10 140
878 4 1830 1 69 10 141
916 107 1879 1 69 11 142
920 1 1784 1 51 124 143
921 32 1814 1 51 124 144
925 323 1637 1 51 124 145
935 66 1564 1 51 125 146
944 83 1813 0 51 124 147
948 58 1418 0 51 125 148
973 130 1759 0 51 125 149
990 74 2000 1 51 125 150
1017 3 1088 1 52 125 151
1021 5 1080 1 51 125 152
1023 454 1811 1 51 125 153
1033 1 1067 1 51 124 154
1044 191 1805 1 51 125 155
1060 135 1895 1 51 125 156
1095 21 1813 1 51 125 157
1146 615 1952 1 51 124 158
1156 311 1495 1 49 126 159
1182 32 1940 1 53 127 160
1228 579 1848 0 54 126 161
1243 73 1587 1 51 124 162
1265 55 1819 1 52 125 163
1309 3 1543 1 50 124 164
1355 143 1661 1 34 133 165
1372 1 1499 1 52 111 166
1394 46 1997 1 51 124 167
1425 24 1518 0 53 124 168
1436 31 1820 0 52 125 169
1437 14 1589 1 52 111 170
1455 10 1556 1 52 125 171
1460 61 1829 1 51 124 172
1465 3 1486 1 51 124 173
1506 21 1835 1 51 124 174
1513 30 1856 1 51 124 175
1515 39 1608 1 51 125 176
1577 35 1819 1 51 125 177
1584 23 1926 1 51 125 178
1617 7 1719 1 52 125 179
1679 5 1824 1 51 125 180
1698 1 1815 0 52 125 181
1710 4 1833 1 50 124 182
1720 12 1956 1 53 126 183
1727 1 1738 1 50 125 184
1730 1 1917 0 53 134 185
1740 11 1756 1 49 124 186
1748 6 1863 1 51 125 187
1751 20 1952 1 50 124 188
1754 3 1809 1 53 125 189
1765 57 1887 1 54 121 190
1774 4 1970 1 52 124 191
1780 42 1827 1 52 125 192
1786 1 1899 0 51 125 193
1798 12 1908 1 51 125 194
1809 22 1945 1 72 196 195
1832 7 2000 1 67 10 196
1835 35 1896 1 70 10 197
1863 52 1942 1 63 11 198
1867 40 1982 1 36 154 199
1896 2 1921 1 63 190 200
