50
133 172
116 149
133 106
127 170
130 169
103 152
106 166
143 170
155 149
122 169
155 104
105 151
171 157
113 143
111 147
119 100
152 144
124 111
131 100
128 137
152 152
113 166
163 158
106 153
161 135
161 160
112 139
144 171
183 153
113 106
136 162
138 162
168 115
181 129
137 169
143 165
158 159
161 148
110 141
132 149
151 103
143 96
100 154
107 157
107 166
183 128
107 164
174 139
120 167
113 163
0 7 11 1 33 158 1
0 16 20 0 70 11 2
0 20 25 1 69 11 3
0 23 28 1 102 197 4
0 39 44 1 96 197 5
0 57 63 1 70 11 6
0 71 78 0 69 11 7
0 79 87 1 78 190 8
0 83 91 0 100 197 9
0 93 101 0 67 11 10
0 137 148 0 101 196 11
0 149 160 1 70 11 12
0 151 162 1 70 10 13
0 162 174 1 95 197 14
0 164 176 1 97 196 15
0 173 186 0 100 196 16
0 178 191 0 92 198 17
0 187 200 0 96 196 18
0 196 210 0 63 190 19
0 202 216 1 96 196 20
0 229 245 0 94 196 21
0 229 245 0 102 196 22
0 234 250 0 71 10 23
0 238 254 0 69 10 24
0 247 263 0 96 197 25
0 248 265 0 68 11 26
0 302 321 0 68 10 27
0 303 322 1 68 11 28
0 312 332 0 135 177 29
0 316 336 0 94 198 30
0 344 366 0 67 174 31
0 345 367 0 95 190 32
0 345 367 1 100 196 33
0 347 1854 0 93 198 34
0 383 407 0 95 197 35
0 386 410 0 69 10 36
0 397 421 0 96 196 37
0 399 423 0 96 197 38
0 417 442 0 96 196 39
0 477 506 0 57 188 40
0 536 568 0 67 10 41
0 536 568 0 101 197 42
0 540 572 0 96 195 43
0 571 604 0 69 11 44
0 611 647 0 34 155 45
0 626 662 0 94 198 46
0 670 709 1 63 190 47
0 676 715 0 2 167 48
0 692 732 0 95 197 49
0 694 734 0 93 198 50
0 697 737 0 70 10 51
0 698 738 0 96 197 52
0 704 744 1 96 197 53
0 723 764 1 69 10 54
0 757 800 0 95 198 55
0 766 810 1 92 199 56
0 785 830 0 68 11 57
0 794 839 0 69 10 58
0 795 840 0 96 196 59
0 801 847 0 96 197 60
0 860 909 1 97 197 61
0 866 915 0 96 197 62
0 892 942 0 96 197 63
0 894 945 1 96 197 64
0 928 980 0 96 198 65
0 947 1000 0 69 10 66
0 974 1029 1 96 197 67
0 986 1041 1 68 11 68
0 1031 1089 0 96 198 69
0 1048 1107 1 103 196 70
0 1052 1111 1 97 197 71
0 1055 1114 1 96 198 72
0 1058 1117 0 69 11 73
0 1082 1142 0 95 197 74
0 1085 1146 0 69 11 75
0 1097 1158 1 98 197 76
0 1105 1167 1 102 197 77
0 1114 1176 0 94 197 78
0 1117 1179 0 97 197 79
0 1122 1185 0 117 190 80
0 1133 1196 0 69 11 81
0 1146 1210 0 69 10 82
0 1146 1210 0 96 196 83
0 1149 1213 0 70 10 84
0 1150 1214 0 69 11 85
0 1188 1254 0 96 197 86
0 1191 1257 0 101 197 87
0 1205 1272 0 110 196 88
0 1229 1297 0 96 197 89
0 1253 1322 0 93 199 90
0 1281 1352 1 96 197 91
0 1282 1353 1 101 197 92
0 1287 1358 1 68 10 93
0 1350 1424 0 97 196 94
0 1351 1426 0 93 198 95
0 1355 1430 1 74 186 96
0 1365 1440 0 112 193 97
0 1366 1441 0 95 197 98
0 1369 1445 0 96 197 99
0 1387 1463 0 146 165 100
0 1440 1519 1 96 197 101
0 1456 1536 0 96 197 102
0 1496 1578 0 136 177 103
0 1512 1595 1 33 156 104
0 1513 1596 0 96 195 105
0 1537 1621 1 31 161 106
0 1540 1625 0 101 197 107
0 1553 1638 1 98 196 108
0 1594 1681 0 97 196 109
0 1596 1683 1 95 197 110
0 1651 1741 0 93 197 111
0 1654 1744 1 96 197 112
0 1665 1756 0 51 124 113
0 1684 1776 1 96 197 114
0 1711 1805 0 96 198 115
0 1711 1805 1 68 11 116
0 1720 1814 0 96 197 117
0 1728 1822 0 95 196 118
0 1730 1825 0 69 11 119
0 1750 1846 0 68 11 120
0 1752 1848 0 99 196 121
0 1778 1875 0 69 11 122
0 1799 1897 0 70 11 123
0 1833 1933 1 96 197 124
0 1834 1934 1 69 11 125
0 1862 1963 0 101 196 126
0 1869 1971 1 92 198 127
0 1870 1972 0 69 11 128
0 1894 1997 0 96 197 129
29 1 40 1 69 10 130
34 5 1587 1 68 10 131
49 77 829 1 69 11 132
62 43 1170 1 69 10 133
62 711 1784 0 70 10 134
94 17 949 1 69 11 135
102 1061 1315 0 68 11 136
111 132 1708 1 68 10 137
116 99 1061 1 70 10 138
132 4 1217 1 68 10 139
135 4 1111 0 69 10 140
142 79 1800 0 69 10 141
144 27 679 1 69 11 142
156 62 1538 1 51 124 143
161 47 1145 1 51 124 144
163 486 1865 0 51 124 145
174 1002 1405 1 51 125 146
180 192 1225 1 51 124 147
195 19 344 1 51 125 148
196 177 1837 0 51 125 149
197 24 689 1 51 125 150
197 123 1059 1 51 125 151
197 528 1910 1 52 125 152
218 51 791 0 51 125 153
221 1 1628 0 51 124 154
235 8 725 1 51 125 155
236 101 1118 1 51 125 156
240 111 526 1 51 125 157
247 5 1520 1 51 124 158
259 400 682 1 49 126 159
267 628 1094 0 53 127 160
276 595 906 1 54 126 161
285 882 1233 1 51 124 162
286 100 1180 1 52 125 163
293 1 1210 1 50 124 164
297 1 1088 0 34 133 165
301 9 326 1 52 111 166
302 18 669 1 53 124 167
302 38 683 1 51 124 168
308 208 1256 0 52 125 169
310 88 716 0 52 111 170
318 2 368 1 52 125 171
322 320 1070 1 51 124 172
323 231 1774 1 51 124 173
329 3 419 1 51 124 174
336 2 524 1 51 124 175
342 254 1746 0 51 125 176
348 5 832 1 51 125 177
349 305 1872 1 51 125 178
353 30 1008 0 52 125 179
367 7 900 1 51 125 180
370 113 1284 1 52 125 181
374 11 1983 1 50 124 182
376 63 1602 0 53 126 183
380 263 658 0 50 125 184
385 2 808 1 49 124 185
385 14 1809 1 53 134 186
398 1083 1539 0 51 125 187
400 73 1187 1 50 124 188
407 137 1482 1 54 121 189
407 698 1143 0 53 125 190
409 5 1955 1 52 124 191
410 16 900 1 52 125 192
410 21 1497 1 51 125 193
413 74 1341 1 51 125 194
414 216 992 1 67 10 195
414 282 1288 1 72 196 196
415 492 1863 1 70 10 197
418 97 523 1 61 10 198
420 55 1382 1 36 154 199
420 998 1591 0 63 11 200
421 317 1141 1 63 190 201
426 10 550 1 65 10 202
428 13 543 1 67 10 203
429 1 1337 0 61 9 204
433 39 684 1 70 10 205
448 1 635 1 68 10 206
448 1 1958 1 69 11 207
448 115 571 0 69 11 208
450 6 1246 1 68 11 209
457 127 1054 0 69 10 210
459 18 1578 1 140 24 211
462 104 1628 1 65 11 212
466 948 1466 1 96 197 213
478 1 1576 1 130 172 214
487 10 525 0 150 164 215
493 641 1170 1 99 196 216
508 78 1724 1 97 196 217
512 12 644 1 96 196 218
515 145 1576 0 58 185 219
519 222 1382 1 49 124 220
528 17 872 1 33 155 221
543 25 1815 1 64 188 222
544 17 1203 1 57 186 223
547 138 1902 1 57 187 224
548 18 788 1 57 187 225
553 2 650 1 58 187 226
559 13 693 1 57 187 227
566 2 608 1 57 187 228
567 58 1868 1 57 187 229
573 9 1976 1 52 180 230
589 2 1166 0 93 199 231
590 217 1578 1 33 156 232
596 504 1128 0 34 157 233
615 15 914 0 101 197 234
618 8 1800 1 96 197 235
620 1002 1676 0 97 197 236
622 27 905 1 31 157 237
631 117 757 1 33 157 238
634 1163 1861 1 32 156 239
639 23 753 1 33 156 240
639 55 1120 0 33 156 241
642 50 1628 1 33 156 242
643 72 1888 1 34 155 243
645 24 847 1 33 157 244
645 56 1486 1 33 156 245
645 104 1558 0 33 157 246
645 155 1997 1 63 21 247
646 174 1150 1 33 156 248
649 68 1117 1 34 157 249
650 1 734 1 33 156 250
654 450 1154 1 32 158 251
665 63 1075 1 33 157 252
671 2 710 0 33 156 253
671 435 1882 1 33 156 254
675 54 1796 1 33 156 255
685 39 1695 1 33 157 256
689 22 873 1 61 189 257
690 58 1908 1 68 169 258
700 184 1094 0 57 187 259
708 178 1277 1 55 162 260
709 9 1274 1 57 187 261
711 38 1553 0 96 197 262
716 48 1338 0 51 125 263
717 216 1003 1 68 11 264
719 1 1412 1 50 185 265
723 13 810 1 35 151 266
725 108 1617 1 87 198 267
726 3 1133 0 57 188 268
731 53 1997 0 58 186 269
736 3 1493 1 88 198 270
737 6 867 0 57 186 271
737 27 1777 1 57 187 272
740 72 870 1 57 187 273
741 68 1925 1 57 186 274
745 98 1376 1 57 187 275
753 8 782 1 58 187 276
753 142 1184 1 34 154 277
757 13 1030 0 60 188 278
758 68 1449 0 32 157 279
761 17 1133 1 33 156 280
761 304 1630 1 32 159 281
766 19 1166 1 105 194 282
768 11 1591 1 33 157 283
768 35 979 1 69 11 284
769 59 1914 0 12 163 285
769 83 1959 1 118 188 286
773 419 1216 0 79 196 287
774 16 1017 1 33 154 288
776 1 1000 0 34 157 289
787 31 1384 1 33 157 290
789 20 1233 1 34 156 291
791 38 1691 0 33 156 292
791 109 1364 1 33 156 293
792 533 1914 1 33 157 294
800 3 891 1 35 154 295
803 335 1609 0 57 186 296
807 1 1886 1 91 193 297
808 68 946 1 70 10 298
811 9 1042 1 58 183 299
814 1 1100 0 33 157 300
816 1101 1978 0 31 153 301
818 795 1656 0 88 199 302
819 29 1950 1 97 197 303
819 37 1969 1 97 196 304
826 49 1370 0 58 187 305
827 38 1179 0 57 188 306
831 71 1656 1 57 188 307
841 138 1730 0 58 185 308
849 304 1179 1 52 125 309
853 36 1315 1 52 125 310
866 3 1681 0 51 125 311
870 81 1229 0 51 125 312
881 82 1431 1 51 124 313
881 252 1861 0 52 125 314
889 91 1779 0 51 124 315
899 59 1498 0 51 124 316
907 117 1033 0 51 124 317
910 1 1046 1 51 125 318
921 4 1004 1 51 124 319
921 900 1872 1 51 124 320
922 695 1656 0 52 124 321
928 124 1430 0 51 124 322
931 41 978 0 50 124 323
932 32 1832 1 50 124 324
933 13 1269 1 50 124 325
933 359 1876 0 51 124 326
935 1 944 1 50 124 327
938 1 1945 0 97 196 328
944 65 1622 0 97 197 329
944 633 1947 1 97 196 330
945 72 1545 0 33 157 331
959 135 1923 1 33 157 332
967 12 1128 1 33 157 333
981 329 1331 1 33 157 334
985 22 1382 1 33 157 335
987 186 1891 1 34 157 336
994 3 1826 1 33 157 337
999 71 1272 1 34 157 338
1007 2 1023 1 33 156 339
1011 39 1328 0 33 157 340
1015 40 1897 1 35 158 341
1017 7 1151 1 32 157 342
1021 1 1082 0 33 157 343
1022 29 1557 1 33 157 344
1034 146 1709 0 33 157 345
1035 32 1200 0 33 157 346
1037 13 1106 0 34 157 347
1039 22 1528 1 33 157 348
1039 46 1730 1 33 157 349
1046 269 1616 1 33 157 350
1048 15 1379 1 32 157 351
1053 4 1111 0 32 157 352
1060 249 1982 1 33 157 353
1062 2 1505 1 33 157 354
1062 50 1513 1 32 157 355
1075 4 1174 1 36 155 356
1079 1 1479 1 33 156 357
1081 1 1146 1 33 157 358
1084 114 1268 0 33 157 359
1093 83 1799 1 33 156 360
1099 577 1709 0 33 157 361
1107 136 1849 1 33 157 362
1114 3 1941 1 33 157 363
1115 29 1371 1 32 157 364
1119 36 1269 1 33 157 365
1126 37 1607 1 33 157 366
1127 103 1750 0 32 158 367
1128 62 1224 1 33 157 368
1141 17 1376 1 32 158 369
1141 104 1477 1 32 157 370
1146 30 1732 1 70 10 371
1161 71 1782 1 69 10 372
1163 48 1676 0 34 156 373
1167 91 1831 1 48 177 374
1167 676 1998 1 34 157 375
1174 10 1269 1 147 165 376
1175 14 1370 1 63 190 377
1184 64 1708 0 57 186 378
1191 140 1541 1 58 186 379
1192 75 1861 1 82 13 380
1199 49 1695 1 57 187 381
1219 52 1519 1 33 156 382
1235 50 1791 1 33 156 383
1252 1 1482 1 41 159 384
1263 687 1990 1 43 166 385
1272 23 1518 1 1 168 386
1272 29 1532 0 123 185 387
1275 75 1895 1 188 86 388
1279 152 1633 1 40 153 389
1280 47 1805 1 57 187 390
1281 1 1309 1 89 199 391
1286 174 1863 1 33 158 392
1294 59 1671 1 57 187 393
1297 49 1636 1 31 158 394
1298 311 1627 1 33 158 395
1299 5 1596 1 140 175 396
1300 7 1493 1 51 124 397
1301 1 1305 0 96 196 398
1302 377 1702 1 57 187 399
1303 1 1974 1 57 187 400
1303 6 1353 1 81 172 401
1303 54 1776 1 70 162 402
1304 63 1920 1 57 187 403
1306 108 1422 1 33 156 404
1308 16 1575 1 32 155 405
1311 334 1830 1 58 187 406
1313 68 1977 1 33 158 407
1322 22 1449 1 62 119 408
1327 168 1936 1 34 156 409
1351 24 1671 1 31 157 410
1383 30 1812 0 33 156 411
1384 58 1703 1 33 156 412
1397 15 1430 1 34 156 413
1399 4 1407 0 34 156 414
1402 76 1506 1 34 154 415
1428 17 1509 1 79 197 416
1436 19 1642 0 59 185 417
1448 181 1640 0 60 188 418
1450 73 1529 0 52 186 419
1464 1 1475 1 53 185 420
1466 14 1615 1 77 189 421
1466 351 1837 0 60 189 422
1468 28 1731 1 60 189 423
1469 24 1731 0 60 189 424
1472 28 1835 1 65 10 425
1475 1 1483 1 88 5 426
1478 43 1923 1 88 4 427
1497 57 1600 1 70 10 428
1498 3 1530 1 69 10 429
1500 151 1972 1 188 86 430
1504 3 1564 1 188 86 431
1507 184 1830 1 189 86 432
1513 10 1614 1 49 177 433
1515 3 1577 0 49 177 434
1525 3 1618 1 2 168 435
1527 7 1650 1 84 181 436
1530 28 1809 1 93 199 437
1535 21 1812 1 96 196 438
1537 8 1915 0 57 188 439
1552 21 1728 1 71 12 440
1559 1 1974 1 57 188 441
1561 22 1990 1 33 157 442
1564 1 1629 1 58 188 443
1564 45 1943 1 92 199 444
1574 4 1600 1 59 187 445
1597 30 1839 0 58 187 446
1603 34 1791 1 90 199 447
1606 6 1936 0 57 187 448
1607 53 1791 0 58 186 449
1611 1 1707 0 57 187 450
1616 80 1894 1 64 189 451
1618 161 1790 1 57 188 452
1624 55 1684 0 57 187 453
1625 1 1631 0 57 188 454
1628 11 1746 0 63 190 455
1632 12 1766 1 51 124 456
1644 4 1672 1 51 124 457
1647 1 1948 1 50 124 458
1649 15 1764 1 2 168 459
1665 6 1703 1 57 188 460
1665 10 1732 1 11 167 461
1665 19 1740 1 34 156 462
1667 5 1886 0 58 188 463
1674 43 1893 1 57 187 464
1676 7 1991 1 57 188 465
1678 4 1701 0 57 188 466
1678 21 1970 1 60 188 467
1681 3 1691 1 57 188 468
1683 46 1955 1 63 190 469
1700 5 1790 0 57 187 470
1710 2 1726 1 59 188 471
1714 9 1772 1 59 188 472
1720 3 1782 1 57 188 473
1723 1 1962 0 58 188 474
1723 40 1876 1 58 188 475
1726 19 1864 1 53 185 476
1738 39 1802 1 63 190 477
1740 3 1806 1 58 186 478
1740 179 1947 1 55 162 479
1743 13 1779 1 57 186 480
1751 22 1942 0 64 189 481
1759 1 1790 1 70 195 482
1762 3 1854 1 60 177 483
1767 1 1776 0 57 186 484
1769 3 1842 1 56 185 485
1774 102 1981 1 60 186 486
1780 2 1983 1 96 197 487
1802 1 1819 1 58 185 488
1824 1 1940 1 62 189 489
1842 1 1866 1 58 186 490
1843 14 1978 1 60 189 491
1868 39 1983 1 57 186 492
1870 14 1947 1 60 189 493
1877 54 1986 1 57 187 494
1882 1 1886 0 63 190 495
1889 3 1902 1 57 187 496
1893 18 1918 0 62 189 497
1894 29 1965 1 58 186 498
1895 28 1956 1 33 158 499
1896 4 1976 1 34 155 500
