50
133 172
116 149
133 106
127 170
130 169
103 152
106 166
143 170
155 149
122 169
155 104
105 151
171 157
113 143
111 147
119 100
152 144
124 111
131 100
128 137
152 152
113 166
163 158
106 153
161 135
161 160
112 139
144 171
183 153
113 106
136 162
138 162
168 115
181 129
137 169
143 165
158 159
161 148
110 141
132 149
151 103
143 96
100 154
107 157
107 166
183 128
107 164
174 139
120 167
113 163
0 24 29 0 68 11 1
0 32 37 0 96 197 2
0 55 61 1 94 197 3
0 77 85 0 51 124 4
0 87 95 0 95 197 5
0 90 98 0 96 197 6
0 107 116 0 63 190 7
0 109 118 1 100 197 8
0 121 152 1 96 197 9
0 130 140 0 96 197 10
0 148 159 1 96 197 11
0 167 179 0 68 10 12
0 193 207 0 95 198 13
0 208 222 0 93 198 14
0 208 222 1 96 198 15
0 210 224 0 95 196 16
0 220 235 0 94 198 17
0 232 248 0 70 11 18
0 238 254 0 71 10 19
0 242 258 1 31 161 20
0 274 292 0 101 197 21
0 293 312 1 95 190 22
0 359 381 0 95 197 23
0 366 389 0 93 197 24
0 375 398 1 69 11 25
0 377 400 0 70 11 26
0 381 405 0 101 197 27
0 419 444 0 97 197 28
0 420 559 1 96 197 29
0 467 495 1 146 165 30
0 468 496 0 96 197 31
0 472 500 0 110 196 32
0 494 523 0 96 195 33
0 510 540 0 96 197 34
0 513 543 0 97 196 35
0 516 547 1 102 196 36
0 533 564 0 96 198 37
0 535 567 0 96 197 38
0 535 567 1 67 10 39
0 554 587 0 96 197 40
0 556 589 0 69 10 41
0 578 612 0 96 197 42
0 583 617 1 98 196 43
0 597 632 0 101 197 44
0 617 653 0 67 174 45
0 630 667 0 2 167 46
0 648 686 0 93 198 47
0 653 691 0 96 198 48
0 690 730 0 96 196 49
0 711 752 1 96 197 50
0 718 759 1 100 196 51
0 751 919 0 69 11 52
0 752 795 0 96 196 53
0 761 805 0 34 155 54
0 772 816 1 96 197 55
0 791 836 0 96 198 56
0 804 850 1 100 196 57
0 806 852 1 70 10 58
0 816 862 1 69 10 59
0 860 909 0 96 197 60
0 864 913 1 96 196 61
0 876 926 0 68 11 62
0 906 957 0 97 196 63
0 918 970 0 95 197 64
0 932 984 0 68 10 65
0 938 991 0 69 11 66
0 949 1002 0 69 11 67
0 986 1041 0 92 198 68
0 1055 1114 1 97 197 69
0 1060 1119 0 74 186 70
0 1070 1130 0 101 196 71
0 1072 1132 1 92 198 72
0 1093 1154 1 69 10 73
0 1098 1159 0 95 197 74
0 1099 1160 1 102 197 75
0 1103 1165 0 68 11 76
0 1108 1170 0 95 197 77
0 1119 1181 0 69 11 78
0 1161 1226 0 98 197 79
0 1171 1236 1 93 198 80
0 1177 1801 0 103 196 81
0 1189 1255 0 69 11 82
0 1207 1274 0 70 11 83
0 1236 1305 1 93 199 84
0 1239 1308 0 96 196 85
0 1244 1313 0 94 196 86
0 1289 1360 0 95 197 87
0 1310 1382 0 96 195 88
0 1330 1403 1 96 197 89
0 1333 1407 0 78 190 90
0 1348 1422 0 94 198 91
0 1349 1423 1 69 11 92
0 1407 1485 1 96 197 93
0 1431 1510 1 63 190 94
0 1457 1537 0 96 197 95
0 1461 1541 1 136 177 96
0 1474 1555 0 68 11 97
0 1479 1560 0 99 196 98
0 1489 1571 0 135 177 99
0 1490 1572 0 101 196 100
0 1508 1591 0 96 197 101
0 1513 1955 1 96 196 102
0 1531 1615 1 57 188 103
0 1539 1623 0 69 10 104
0 1539 1623 1 101 197 105
0 1552 1637 1 69 11 106
0 1585 1672 0 69 11 107
0 1595 1682 0 97 196 108
0 1608 1696 0 96 197 109
0 1617 1706 0 112 193 110
0 1655 1746 0 33 156 111
0 1782 1879 1 117 190 112
0 1813 1912 0 33 158 113
0 1816 1915 0 96 197 114
0 1820 1919 0 70 10 115
0 1828 1928 1 97 197 116
0 1836 1936 1 96 196 117
0 1842 1942 1 92 199 118
0 1843 1943 1 102 197 119
0 1860 1961 0 96 197 120
21 115 1228 1 68 11 121
26 94 894 0 68 11 122
37 53 1225 1 67 11 123
39 18 296 1 70 11 124
39 59 1572 0 69 10 125
42 13 855 1 69 11 126
72 6 1710 1 70 10 127
84 81 1424 0 69 10 128
91 1 853 1 69 11 129
91 3 350 1 69 10 130
95 109 1135 1 68 10 131
97 70 1775 0 69 11 132
107 12 1358 1 69 10 133
111 22 740 0 70 10 134
127 1 196 1 69 11 135
135 47 1179 1 68 11 136
138 636 1603 1 68 10 137
144 32 1152 1 70 10 138
151 199 1996 1 68 10 139
152 69 1424 0 69 10 140
161 191 1363 0 69 10 141
163 487 1869 0 69 11 142
174 5 570 1 51 124 143
178 869 1817 1 51 124 144
179 29 779 1 51 124 145
186 485 1643 1 51 125 146
192 14 708 1 51 124 147
192 18 645 1 51 125 148
195 27 391 1 51 125 149
197 133 1297 1 52 125 150
197 500 1819 1 51 125 151
205 20 672 1 51 125 152
208 19 620 1 51 125 153
208 84 1851 1 51 124 154
208 892 1149 1 51 125 155
225 94 1248 1 51 125 156
226 1 454 1 51 125 157
229 97 1053 0 49 126 158
229 123 1303 0 51 124 159
229 161 555 0 53 127 160
239 223 625 0 54 126 161
241 37 368 0 51 124 162
260 1 1745 1 52 125 163
274 13 1060 1 34 133 164
274 33 1554 1 50 124 165
277 66 1434 1 52 111 166
280 31 824 1 51 124 167
285 1 351 1 53 124 168
286 70 1336 0 52 125 169
291 103 558 0 52 111 170
304 185 1380 0 52 125 171
309 357 1807 0 51 124 172
316 1 697 1 51 124 173
344 21 1974 1 51 124 174
350 189 1059 1 51 124 175
351 228 1569 1 51 125 176
355 246 1644 0 51 125 177
356 102 1327 1 51 125 178
364 15 680 1 52 125 179
372 17 515 1 51 125 180
375 58 472 0 50 124 181
375 334 1659 1 52 125 182
376 1032 1755 0 53 126 183
385 125 1650 1 50 125 184
405 7 1432 1 51 125 185
405 391 820 0 53 134 186
405 1027 1489 0 49 124 187
416 66 713 1 50 124 188
419 202 756 0 53 125 189
425 55 752 0 54 121 190
426 14 674 1 52 125 191
426 78 1146 1 52 124 192
429 1 1048 1 51 125 193
429 10 1211 1 51 125 194
430 1 1764 0 72 196 195
430 51 1197 1 67 10 196
432 68 1762 1 70 10 197
440 39 1190 1 61 10 198
445 35 939 0 63 11 199
445 111 1254 1 36 154 200
446 63 907 1 67 10 201
446 64 1037 1 63 190 202
446 356 1533 1 65 10 203
448 33 901 0 61 9 204
450 1044 1648 0 70 10 205
462 917 1742 0 68 10 206
462 1382 1920 0 69 11 207
468 1 1771 0 69 11 208
471 724 1768 1 68 11 209
472 40 1427 1 69 10 210
474 135 805 0 140 24 211
479 55 1793 1 65 11 212
482 44 1197 1 96 197 213
488 361 1826 1 130 172 214
490 5 1277 1 150 164 215
491 74 1652 1 99 196 216
492 122 1813 0 97 196 217
496 635 1906 1 96 196 218
503 1 788 0 58 185 219
505 295 818 0 49 124 220
520 84 1494 1 33 155 221
528 28 825 0 64 188 222
530 97 1403 1 57 186 223
532 5 1877 1 57 187 224
539 50 782 1 57 187 225
545 96 851 1 58 187 226
548 74 1268 1 57 187 227
549 456 1246 1 57 187 228
561 37 1280 1 57 187 229
562 18 798 1 52 180 230
563 6 986 1 93 199 231
565 64 1280 0 33 156 232
567 1 1615 0 34 157 233
567 146 1122 1 101 197 234
570 83 1274 0 96 197 235
577 138 1325 0 97 197 236
580 1 1628 0 31 157 237
581 11 746 1 33 157 238
594 19 661 1 32 156 239
614 26 1423 1 33 156 240
617 25 836 1 33 156 241
619 1 1278 1 33 156 242
622 87 1530 1 34 155 243
635 2 744 1 33 157 244
636 23 1335 1 33 157 245
639 3 681 1 63 21 246
640 68 857 0 33 156 247
640 209 1516 0 33 156 248
642 35 806 0 34 157 249
644 1 703 0 33 156 250
648 44 916 0 32 158 251
652 46 1455 0 33 157 252
652 77 1192 0 33 156 253
654 681 1374 0 33 156 254
663 1 857 0 33 156 255
665 30 1325 0 33 157 256
668 16 1065 0 57 187 257
668 41 1048 0 61 189 258
668 343 1439 0 68 169 259
669 69 844 0 55 162 260
672 297 1788 0 57 187 261
684 61 1751 0 96 197 262
690 9 880 0 51 125 263
692 82 1615 0 68 11 264
693 15 799 0 50 185 265
695 1 996 0 35 151 266
696 1 1537 0 57 188 267
696 381 1819 0 87 198 268
700 438 1602 0 58 186 269
702 11 744 0 57 186 270
702 287 1617 0 88 198 271
705 22 827 0 57 187 272
708 99 1950 0 57 187 273
712 25 975 0 57 186 274
714 62 1561 0 34 154 275
714 69 1415 0 57 187 276
714 154 1613 0 58 187 277
715 20 1579 0 32 157 278
715 215 989 0 60 188 279
719 548 1657 0 32 159 280
720 26 781 0 33 156 281
728 28 759 0 105 194 282
728 146 883 0 69 11 283
729 386 1375 0 33 157 284
736 56 1108 0 12 163 285
736 63 1156 0 118 188 286
744 62 1283 0 33 154 287
744 168 1584 0 79 196 288
749 4 1819 0 34 157 289
758 274 1048 0 33 157 290
759 18 940 0 34 156 291
768 63 1141 0 33 156 292
776 12 1697 0 33 156 293
777 1 1314 0 35 154 294
777 245 1965 0 33 157 295
780 36 1050 0 57 186 296
781 132 1705 0 91 193 297
791 3 860 0 70 10 298
793 1 878 0 33 157 299
793 41 1426 0 58 183 300
794 98 1782 0 31 153 301
796 60 1963 0 88 199 302
800 81 1483 0 97 197 303
809 14 967 0 97 196 304
822 84 1650 0 58 187 305
827 12 1072 0 57 188 306
840 47 1653 0 57 188 307
843 32 1609 0 58 185 308
848 19 1330 0 52 125 309
851 213 1163 0 52 125 310
854 538 1422 0 51 125 311
859 146 1016 0 51 125 312
875 63 1512 0 52 125 313
878 9 1076 0 51 124 314
881 30 999 0 51 124 315
885 1 1138 0 51 124 316
885 320 1582 0 51 124 317
889 15 1482 0 51 125 318
900 300 1346 0 51 124 319
903 218 1241 0 51 124 320
905 4 1521 0 52 124 321
911 17 1578 0 51 124 322
917 822 1784 0 50 124 323
918 98 1910 0 50 124 324
927 52 1222 0 51 124 325
928 3 1665 0 50 124 326
934 99 1734 0 50 124 327
935 165 1995 0 97 196 328
937 164 1785 0 97 197 329
938 55 1430 0 33 157 330
938 474 1438 0 97 196 331
946 196 1701 0 33 157 332
952 87 1672 0 33 157 333
954 1 1238 0 33 157 334
954 22 1258 0 33 157 335
962 10 1312 0 34 157 336
966 209 1583 0 33 157 337
973 26 1359 0 34 157 338
990 74 1815 0 33 156 339
1017 49 1653 0 33 157 340
1018 38 1430 0 35 158 341
1020 213 1810 0 32 157 342
1021 8 1090 0 33 157 343
1021 58 1691 0 33 157 344
1044 405 1564 0 33 157 345
1049 18 1405 0 34 157 346
1049 110 1798 0 33 157 347
1050 1 1791 0 33 157 348
1051 7 1480 0 33 157 349
1051 68 1440 0 33 157 350
1060 28 1389 0 32 157 351
1077 44 1342 0 32 157 352
1085 29 1998 0 33 157 353
1085 236 1358 0 33 157 354
1085 681 1920 0 32 157 355
1093 57 1615 0 36 155 356
1108 3 1576 0 33 156 357
1115 35 1428 0 33 157 358
1129 41 1661 0 33 157 359
1133 98 1801 0 33 156 360
1139 62 1246 0 33 157 361
1139 69 1811 0 33 157 362
1143 112 1616 0 33 157 363
1153 91 1647 0 32 157 364
1160 58 1630 0 33 157 365
1160 141 1438 0 33 157 366
1163 372 1556 0 32 158 367
1171 20 1656 0 33 157 368
1174 57 1696 0 32 157 369
1177 56 1417 0 32 158 370
1178 5 1346 0 70 10 371
1185 25 1421 0 34 156 372
1185 58 1969 0 69 10 373
1189 242 1549 0 34 157 374
1228 102 1338 0 147 165 375
1228 417 1669 0 48 177 376
1238 288 2000 0 63 190 377
1243 2 1270 0 57 186 378
1249 4 1257 0 58 186 379
1251 11 1292 0 57 187 380
1251 438 1902 0 82 13 381
1258 2 1445 0 33 156 382
1263 3 1498 0 33 156 383
1263 40 1994 0 41 159 384
1264 315 1598 0 43 166 385
1265 12 1379 0 1 168 386
1269 17 1382 0 123 185 387
1269 290 1626 0 188 86 388
1270 62 1400 0 40 153 389
1271 445 1741 0 57 187 390
1272 19 1481 0 89 199 391
1274 119 1584 0 33 158 392
1314 11 1465 0 57 187 393
1320 19 1399 0 31 158 394
1326 96 1648 0 33 158 395
1352 11 1454 0 140 175 396
1355 2 1753 0 51 124 397
1355 78 1751 0 96 196 398
1365 6 1392 0 57 187 399
1371 8 1698 0 70 162 400
1388 1 1530 0 57 187 401
1395 272 1851 0 81 172 402
1398 101 1763 0 57 187 403
1404 245 1835 0 33 156 404
1417 94 1816 0 32 155 405
1418 21 1717 0 58 187 406
1420 67 1924 0 33 158 407
1433 1 1463 0 62 119 408
1435 177 1710 0 34 156 409
1436 2 1454 0 31 157 410
1440 18 1578 0 33 156 411
1451 24 1708 0 34 156 412
1457 28 1643 0 34 156 413
1464 100 1878 0 34 154 414
1466 20 1582 0 79 197 415
1477 3 1554 0 60 188 416
1477 477 1982 0 59 185 417
1478 9 1663 0 52 186 418
1483 1 1905 0 59 185 419
1483 299 1809 0 53 185 420
1485 21 1888 0 60 189 421
1485 27 1569 0 77 189 422
1495 6 1549 0 60 189 423
1503 22 1842 0 60 189 424
1505 11 1753 0 65 10 425
1511 25 1600 0 88 5 426
1514 14 1882 0 88 4 427
1514 18 1914 0 70 10 428
1516 21 1597 0 69 10 429
1519 26 1784 0 188 86 430
1528 11 1768 0 188 86 431
1531 1 1998 0 189 86 432
1532 22 1838 0 49 177 433
1544 1 1852 0 49 177 434
1546 8 1582 0 2 168 435
1548 1 1589 0 93 199 436
1548 6 1684 0 84 181 437
1549 70 1972 0 96 196 438
1556 19 1964 0 57 188 439
1556 185 1852 0 71 12 440
1557 1 2000 0 57 188 441
1563 45 1707 0 33 157 442
1569 6 1609 0 92 199 443
1575 7 1760 0 58 188 444
1576 3 1645 0 59 187 445
1581 12 1724 0 58 187 446
1584 35 1885 0 90 199 447
1588 140 1802 0 57 187 448
1594 31 1846 0 58 186 449
1597 133 1771 0 57 187 450
1617 358 1997 0 64 189 451
1625 4 1665 0 57 188 452
1628 20 1798 0 57 187 453
1631 100 1738 0 57 188 454
1637 40 1733 0 63 190 455
1639 277 1933 0 51 124 456
1641 14 1760 0 51 124 457
1647 17 1855 0 50 124 458
1648 95 1871 0 2 168 459
1649 15 1684 0 34 156 460
1649 31 1738 0 11 167 461
1649 83 1861 0 57 188 462
1657 74 1744 0 58 188 463
1658 2 1728 0 57 187 464
1660 29 1841 0 57 188 465
1667 1 1741 0 60 188 466
1667 5 1860 0 57 188 467
1671 20 1862 0 57 188 468
1672 2 1707 0 57 187 469
1672 10 1916 0 63 190 470
1676 1 1909 0 59 188 471
1681 7 1734 0 57 188 472
1681 95 1841 0 59 188 473
1696 1 1712 0 58 188 474
1719 10 1945 0 58 188 475
1720 5 1868 0 53 185 476
1723 23 1862 0 63 190 477
1737 1 1857 0 58 186 478
1739 1 1991 0 55 162 479
1740 13 1990 0 57 186 480
1751 22 1945 0 64 189 481
1792 6 1847 0 70 195 482
1799 2 1820 0 60 177 483
1809 5 1849 0 57 186 484
1817 22 1911 0 56 185 485
1820 2 1834 0 60 186 486
1821 1 1886 0 96 197 487
1826 45 1875 0 58 185 488
1830 4 1866 0 62 189 489
1835 3 1948 0 58 186 490
1855 7 1926 0 60 189 491
1858 7 1990 0 57 186 492
1861 1 1950 0 60 189 493
1863 2 1883 0 58 188 494
1882 75 1971 0 57 187 495
1883 6 1911 0 63 190 496
1887 6 1932 0 57 187 497
1889 2 1962 0 62 189 498
1897 1 1904 1 58 186 499
1898 7 1927 0 33 158 500
