50
133 172
116 149
133 106
127 170
130 169
103 152
106 166
143 170
155 149
122 169
155 104
105 151
171 157
113 143
111 147
119 100
152 144
124 111
131 100
128 137
152 152
113 166
163 158
106 153
161 135
161 160
112 139
144 171
183 153
113 106
136 162
138 162
168 115
181 129
137 169
143 165
158 159
161 148
110 141
132 149
151 103
143 96
100 154
107 157
107 166
183 128
107 164
174 139
120 167
113 163
0 1 5 0 95 197 1
0 32 37 0 97 196 2
0 52 58 1 98 197 3
0 54 73 1 93 198 4
0 61 68 1 34 155 5
0 96 104 0 95 197 6
0 107 116 0 95 198 7
0 108 117 0 68 11 8
0 115 125 1 101 197 9
0 135 146 0 69 11 10
0 164 176 0 2 167 11
0 171 183 0 67 174 12
0 187 200 0 96 197 13
0 188 201 0 95 197 14
0 210 224 0 68 11 15
0 217 232 0 68 11 16
0 221 236 1 102 197 17
0 223 238 1 63 190 18
0 233 249 0 69 10 19
0 241 257 1 96 196 20
0 243 259 0 98 196 21
0 244 260 0 96 198 22
0 271 289 1 70 11 23
0 304 323 0 96 198 24
0 308 328 0 101 197 25
0 322 342 1 101 196 26
0 324 344 0 96 197 27
0 349 371 0 51 124 28
0 422 448 0 92 199 29
0 441 468 0 74 186 30
0 443 470 0 96 198 31
0 454 557 0 69 10 32
0 469 497 0 96 197 33
0 507 537 1 69 11 34
0 523 554 0 68 11 35
0 546 578 0 95 197 36
0 572 606 0 99 196 37
0 577 611 1 92 198 38
0 604 639 1 100 196 39
0 609 644 0 70 11 40
0 640 677 0 96 197 41
0 654 692 0 96 197 42
0 655 693 0 96 197 43
0 658 696 1 96 197 44
0 660 698 1 112 193 45
0 666 705 1 96 197 46
0 668 825 1 103 196 47
0 675 714 0 102 197 48
0 693 733 0 96 195 49
0 706 747 0 100 196 50
0 706 747 1 95 190 51
0 716 757 0 100 197 52
0 733 775 0 63 190 53
0 733 775 0 68 11 54
0 778 822 0 146 165 55
0 798 843 0 69 10 56
0 799 845 0 96 196 57
0 802 848 0 69 10 58
0 823 870 1 96 197 59
0 837 885 0 135 177 60
0 838 886 0 33 156 61
0 873 922 0 94 198 62
0 892 942 1 110 196 63
0 894 945 0 67 10 64
0 902 953 1 101 196 65
0 937 990 0 95 197 66
0 943 996 0 69 11 67
0 943 996 0 96 197 68
0 953 1007 0 96 197 69
0 999 1055 1 57 188 70
0 1010 1067 0 68 10 71
0 1021 1078 1 117 190 72
0 1030 1088 0 69 11 73
0 1033 1091 1 69 11 74
0 1039 1097 1 97 196 75
0 1040 1098 0 96 196 76
0 1083 1143 1 71 10 77
0 1095 1156 0 95 197 78
0 1110 1172 1 69 11 79
0 1113 1175 1 96 197 80
0 1130 1193 1 96 197 81
0 1135 1504 1 102 196 82
0 1136 1199 0 97 197 83
0 1156 1769 0 96 197 84
0 1160 1224 0 96 197 85
0 1160 1224 1 70 10 86
0 1191 1257 1 93 198 87
0 1195 1261 0 70 10 88
0 1209 1276 0 94 198 89
0 1236 1305 0 97 197 90
0 1250 1319 1 96 197 91
0 1330 1403 1 94 196 92
0 1375 1451 1 97 197 93
0 1390 1467 1 96 198 94
0 1432 1511 0 69 11 95
0 1464 1545 0 31 161 96
0 1471 1552 0 33 158 97
0 1481 1562 0 97 196 98
0 1486 1568 0 96 197 99
0 1500 1582 0 69 11 100
0 1513 1596 1 96 196 101
0 1514 1597 0 70 11 102
0 1571 1657 0 101 197 103
0 1578 1665 1 69 11 104
0 1630 1719 0 93 197 105
0 1657 1748 0 68 10 106
0 1658 1749 0 96 197 107
0 1672 1763 1 94 197 108
0 1687 1779 0 78 190 109
0 1692 1784 0 96 197 110
0 1700 1793 0 96 195 111
0 1714 1808 1 136 177 112
0 1716 1810 0 93 199 113
0 1721 1815 0 96 196 114
0 1740 1835 0 96 197 115
0 1749 1845 1 101 197 116
0 1753 1849 0 95 196 117
0 1765 1861 0 96 196 118
0 1832 1932 0 96 197 119
0 1868 1970 0 92 198 120
21 85 912 1 68 11 121
26 102 970 0 67 11 122
37 13 310 1 70 11 123
39 66 982 1 69 10 124
39 69 1849 0 69 11 125
42 20 1300 1 70 10 126
72 2 519 1 69 10 127
84 34 642 0 69 11 128
91 1 582 1 69 10 129
91 3 349 1 68 10 130
95 149 1517 1 69 11 131
97 37 972 0 69 10 132
107 13 1371 1 70 10 133
111 31 994 0 69 11 134
127 3 940 1 68 11 135
135 30 794 1 68 10 136
138 348 940 1 70 10 137
144 7 346 1 68 10 138
151 194 1947 1 69 10 139
152 97 1940 0 69 10 140
161 46 450 0 69 11 141
163 134 633 0 51 124 142
174 10 899 1 51 124 143
178 566 1247 1 51 124 144
179 13 436 1 51 125 145
186 260 968 1 51 124 146
192 16 800 1 51 125 147
192 20 708 1 51 125 148
195 15 305 1 51 125 149
197 213 1956 1 51 125 150
197 381 1432 1 52 125 151
205 27 852 1 51 125 152
208 6 329 1 51 124 153
208 49 1174 1 51 125 154
208 1274 1552 1 51 125 155
225 143 1773 1 51 125 156
226 1 1496 1 51 124 157
229 43 601 0 49 126 158
229 148 1489 0 53 127 159
229 775 1794 0 54 126 160
239 382 901 0 51 124 161
241 481 1869 0 52 125 162
260 1 842 1 50 124 163
274 2 349 1 34 133 164
274 13 1085 1 52 111 165
277 31 813 1 51 124 166
280 46 1081 1 53 124 167
285 1 814 1 52 125 168
286 79 1464 0 52 111 169
291 628 1900 0 52 125 170
304 78 760 0 51 124 171
309 218 1227 0 51 124 172
316 1 704 1 51 124 173
344 20 1876 1 51 124 174
350 46 522 1 51 125 175
351 119 986 1 51 125 176
355 239 1611 0 51 125 177
356 101 1313 1 52 125 178
364 9 543 1 51 125 179
372 146 1578 1 52 125 180
375 62 477 0 53 126 181
375 187 1095 1 50 124 182
376 1035 1759 0 50 125 183
385 79 1188 1 53 134 184
405 5 1062 1 50 124 185
405 324 749 0 49 124 186
405 1251 1725 0 51 125 187
416 276 1655 1 53 125 188
419 866 1862 0 54 121 189
425 149 1310 0 52 124 190
426 32 1005 1 51 125 191
426 111 1452 1 52 125 192
429 1 1161 1 51 125 193
429 12 1343 1 72 196 194
430 1 1430 0 67 10 195
430 30 880 1 70 10 196
432 67 1744 1 61 10 197
440 57 1546 1 63 11 198
445 2 460 1 63 190 199
445 37 972 0 36 154 200
446 80 1186 1 65 10 201
446 193 1859 1 61 9 202
446 272 1277 1 67 10 203
448 95 1750 0 70 10 204
450 1122 1738 0 68 10 205
462 68 537 0 69 11 206
462 640 1356 0 69 11 207
468 1 1742 0 68 11 208
471 243 909 1 69 10 209
472 29 1159 1 140 24 210
474 124 780 0 65 11 211
479 55 1801 1 96 197 212
482 42 1165 1 130 172 213
488 356 1808 1 150 164 214
490 9 1762 1 99 196 215
491 35 1036 1 97 196 216
492 15 651 0 96 196 217
496 663 1967 1 58 185 218
503 1 1791 0 49 124 219
505 510 1044 0 33 155 220
520 124 1964 1 64 188 221
528 71 1267 0 57 186 222
530 27 774 1 57 187 223
532 5 1873 1 57 187 224
539 10 589 1 58 187 225
545 87 822 1 57 187 226
548 101 1541 1 57 187 227
549 565 1412 1 57 187 228
561 12 784 1 52 180 229
562 3 605 1 93 199 230
563 5 916 1 33 156 231
565 44 1062 0 34 157 232
567 1 1930 0 101 197 233
567 32 691 1 96 197 234
570 15 701 0 97 197 235
577 204 1683 0 31 157 236
580 1 1727 0 33 157 237
581 48 1326 1 32 156 238
594 198 1281 1 33 156 239
614 4 713 1 33 156 240
617 151 1976 1 33 156 241
619 1 1212 1 34 155 242
622 79 1449 1 33 157 243
635 2 829 1 33 157 244
636 43 1973 1 63 21 245
639 78 1805 1 33 156 246
640 304 1917 1 34 157 247
640 341 1725 1 33 156 248
642 179 1472 1 33 156 249
644 12 1828 1 32 158 250
648 34 852 1 33 157 251
652 9 796 0 33 156 252
652 86 1253 0 33 156 253
654 431 1111 1 33 156 254
663 1 956 1 33 157 255
665 34 1420 1 61 189 256
668 28 1390 0 55 162 257
668 92 1514 1 68 169 258
668 328 1406 1 57 187 259
669 286 1387 1 57 187 260
672 341 1950 1 96 197 261
684 52 1591 1 51 125 262
690 7 830 1 68 11 263
692 9 791 0 50 185 264
693 133 1647 1 35 151 265
695 1 1792 1 87 198 266
696 1 1569 1 58 186 267
696 79 930 1 57 188 268
700 10 722 1 88 198 269
702 233 1529 1 57 187 270
702 243 1476 1 57 186 271
705 23 829 0 57 187 272
708 73 1627 1 57 186 273
712 63 1372 0 57 187 274
714 11 861 1 60 188 275
714 59 1057 1 34 154 276
714 94 1671 1 58 187 277
715 4 854 0 32 159 278
715 178 942 0 32 157 279
719 205 1070 1 33 156 280
720 146 1052 1 105 194 281
728 606 1367 1 69 11 282
728 677 1442 1 33 157 283
729 480 1532 1 12 163 284
736 11 806 1 79 196 285
736 162 1822 1 118 188 286
744 139 1957 1 34 157 287
744 167 1579 1 33 154 288
749 3 1395 1 33 157 289
758 773 1573 0 34 156 290
759 104 1817 1 33 156 291
768 191 1902 1 33 156 292
776 10 1523 1 33 157 293
777 1 956 1 57 186 294
777 221 1851 1 35 154 295
780 5 821 1 91 193 296
781 173 1990 0 70 10 297
791 28 1463 0 58 183 298
793 3 1602 0 31 153 299
793 47 1535 1 33 157 300
794 23 1026 0 88 199 301
796 47 1707 1 97 197 302
800 9 872 1 97 196 303
809 85 1798 1 58 187 304
822 31 1123 1 57 188 305
827 5 921 1 57 188 306
840 6 939 1 58 185 307
843 48 1987 1 52 125 308
848 3 904 1 52 125 309
851 760 1959 0 51 125 310
854 435 1313 1 51 125 311
859 192 1065 1 52 125 312
875 105 1943 1 51 124 313
878 24 1412 1 51 124 314
881 171 1546 0 51 124 315
885 2 1285 0 51 124 316
885 504 1982 1 51 125 317
889 26 1892 0 51 124 318
900 26 942 0 51 124 319
903 304 1373 1 52 124 320
905 1 972 1 51 124 321
911 7 1152 1 50 124 322
917 433 1374 1 50 124 323
918 104 1974 1 51 124 324
927 4 951 0 50 124 325
928 3 1827 1 50 124 326
934 29 1168 1 97 196 327
935 101 1583 1 97 197 328
937 176 1845 1 97 196 329
938 82 1671 1 33 157 330
938 670 1645 0 33 157 331
946 140 1483 0 33 157 332
952 73 1558 0 33 157 333
954 1 1800 1 34 157 334
954 38 1473 1 33 157 335
962 29 1974 1 33 157 336
966 161 1443 0 34 157 337
973 19 1260 1 33 156 338
990 67 1737 0 33 157 339
1017 2 1040 1 35 158 340
1018 68 1755 1 32 157 341
1020 3 1035 1 33 157 342
1021 83 1981 0 33 157 343
1021 94 1797 0 33 157 344
1044 413 1574 1 33 157 345
1049 22 1476 1 33 157 346
1049 83 1613 1 34 157 347
1050 1 1111 0 33 157 348
1051 2 1158 1 32 157 349
1051 128 1781 0 33 157 350
1060 46 1589 1 32 157 351
1077 126 1828 1 33 157 352
1085 5 1229 1 33 157 353
1085 199 1330 1 36 155 354
1085 452 1607 0 32 157 355
1093 70 1743 1 33 156 356
1108 5 1806 1 33 157 357
1115 51 1569 1 33 157 358
1129 56 1862 0 33 156 359
1133 4 1162 1 33 157 360
1139 23 1364 1 33 157 361
1139 214 1507 1 33 157 362
1143 108 1599 1 32 157 363
1153 78 1576 1 33 157 364
1160 9 1231 0 33 157 365
1160 302 1755 1 32 158 366
1163 201 1376 1 33 157 367
1171 7 1325 0 32 157 368
1174 34 1487 1 32 158 369
1177 133 1742 1 70 10 370
1178 12 1576 1 69 10 371
1185 3 1223 0 34 156 372
1185 80 1943 1 34 157 373
1189 218 1514 1 48 177 374
1228 29 1261 0 147 165 375
1228 70 1304 1 63 190 376
1238 117 1547 0 57 186 377
1243 27 1844 0 58 186 378
1249 549 1951 1 82 13 379
1251 209 1983 1 33 156 380
1251 365 1793 1 57 187 381
1258 3 1617 0 33 156 382
1263 6 1719 1 41 159 383
1263 18 1595 1 43 166 384
1264 166 1441 1 1 168 385
1265 27 1535 1 123 185 386
1269 3 1287 1 188 86 387
1269 281 1615 1 40 153 388
1270 158 1599 1 57 187 389
1271 493 1791 1 89 199 390
1272 24 1527 1 33 158 391
1274 172 1721 1 57 187 392
1314 27 1694 0 31 158 393
1320 163 1996 1 33 158 394
1326 70 1560 1 140 175 395
1352 13 1476 1 51 124 396
1355 1 1598 1 96 196 397
1355 99 1857 1 57 187 398
1365 32 1512 1 70 162 399
1371 4 1513 1 57 187 400
1388 1 1754 0 81 172 401
1395 358 1995 1 57 187 402
1398 100 1759 1 33 156 403
1404 272 1883 1 32 155 404
1417 26 1527 1 58 187 405
1418 34 1906 0 33 158 406
1420 59 1859 1 62 119 407
1433 7 1623 1 34 156 408
1435 171 1701 1 31 157 409
1436 33 1846 0 33 156 410
1440 59 1881 1 33 156 411
1451 37 1849 1 34 156 412
1457 63 1877 1 34 156 413
1464 71 1758 1 34 154 414
1466 10 1525 1 79 197 415
1477 1 1502 1 60 188 416
1477 473 1977 0 59 185 417
1478 20 1919 1 52 186 418
1483 1 1719 0 59 185 419
1483 293 1802 1 53 185 420
1485 11 1698 1 60 189 421
1485 43 1617 0 77 189 422
1495 7 1568 1 60 189 423
1503 11 1680 1 60 189 424
1505 10 1727 1 65 10 425
1511 29 1615 1 88 5 426
1514 3 1583 1 70 10 427
1514 13 1837 1 88 4 428
1516 124 1981 1 69 10 429
1519 15 1671 1 188 86 430
1528 21 1981 1 188 86 431
1531 1 1628 1 189 86 432
1532 8 1644 1 49 177 433
1544 1 1953 1 49 177 434
1546 29 1670 1 2 168 435
1548 1 1924 1 93 199 436
1548 3 1606 1 84 181 437
1549 14 1631 1 96 196 438
1556 3 1619 1 57 188 439
1556 71 1670 1 71 12 440
1557 1 1692 1 57 188 441
1563 127 1970 1 33 157 442
1569 43 1864 1 92 199 443
1575 13 1904 1 58 188 444
1576 16 1985 1 59 187 445
1581 16 1770 1 58 187 446
1584 17 1726 1 90 199 447
1588 18 1617 1 57 187 448
1594 12 1694 1 58 186 449
1597 210 1870 1 57 187 450
1617 228 1860 1 64 189 451
1625 4 1659 1 57 188 452
1628 18 1784 1 57 187 453
1631 112 1750 1 57 188 454
1637 15 1674 1 63 190 455
1639 217 1870 1 51 124 456
1641 24 1853 1 51 124 457
1647 11 1778 1 50 124 458
1648 119 1927 1 2 168 459
1649 25 1720 1 11 167 460
1649 105 1886 1 34 156 461
1649 109 1926 1 57 188 462
1657 81 1752 1 58 188 463
1658 8 1959 1 57 187 464
1660 27 1831 1 57 188 465
1667 1 1699 1 60 188 466
1667 6 1931 1 57 188 467
1671 24 1902 1 57 188 468
1672 7 1829 1 57 187 469
1672 10 1909 1 63 190 470
1676 1 1804 1 59 188 471
1681 10 1699 1 59 188 472
1681 30 1903 1 57 188 473
1696 4 1742 1 58 188 474
1719 5 1828 1 58 188 475
1720 7 1946 1 53 185 476
1723 37 1944 1 63 190 477
1737 1 1841 1 58 186 478
1739 1 1952 1 55 162 479
1740 4 1812 1 57 186 480
1751 9 1825 1 64 189 481
1792 8 1872 1 70 195 482
1799 2 1818 1 60 177 483
1809 10 1891 1 57 186 484
1817 16 1885 1 56 185 485
1820 1 1826 1 60 186 486
1821 1 1851 1 96 197 487
1826 119 1953 1 58 185 488
1830 20 1997 1 62 189 489
1835 3 1931 1 58 186 490
1855 6 1916 1 60 189 491
1858 5 1964 1 57 186 492
1861 1 1911 1 60 189 493
1863 14 1989 1 58 188 494
1882 69 1964 1 57 187 495
1883 2 1891 1 63 190 496
1887 4 1916 1 57 187 497
1889 1 1897 1 62 189 498
1897 2 1941 1 58 186 499
1898 19 1975 0 31 157 500
