50
133 172
116 149
133 106
127 170
130 169
103 152
106 166
143 170
155 149
122 169
155 104
105 151
171 157
113 143
111 147
119 100
152 144
124 111
131 100
128 137
152 152
113 166
163 158
106 153
161 135
161 160
112 139
144 171
183 153
113 106
136 162
138 162
168 115
181 129
137 169
143 165
158 159
161 148
110 141
132 149
151 103
143 96
100 154
107 157
107 166
183 128
107 164
174 139
120 167
113 163
0 11 15 0 93 197 1
0 66 88 1 96 196 2
0 78 86 1 97 197 3
0 100 109 0 69 11 4
0 109 118 0 93 198 5
0 116 126 0 78 190 6
0 118 128 0 96 197 7
0 132 142 0 101 197 8
0 134 144 0 69 11 9
0 166 178 0 70 10 10
0 170 182 0 95 198 11
0 172 184 1 69 11 12
0 191 256 1 96 197 13
0 203 217 0 97 196 14
0 205 219 0 68 11 15
0 256 273 0 94 198 16
0 280 298 0 112 193 17
0 292 311 0 70 11 18
0 298 317 0 101 197 19
0 310 330 1 102 197 20
0 334 355 0 70 11 21
0 376 399 0 101 197 22
0 392 416 0 98 197 23
0 396 420 0 33 156 24
0 441 468 0 96 197 25
0 449 476 0 2 167 26
0 476 504 1 96 197 27
0 494 523 0 96 197 28
0 499 529 0 110 196 29
0 506 536 0 69 10 30
0 516 547 0 68 10 31
0 620 656 0 69 10 32
0 629 666 0 95 197 33
0 647 684 0 96 196 34
0 654 692 0 96 197 35
0 658 696 0 93 198 36
0 661 810 0 69 11 37
0 693 733 1 146 165 38
0 698 738 1 102 196 39
0 705 746 0 96 197 40
0 709 750 1 92 198 41
0 722 763 0 63 190 42
0 742 784 0 96 197 43
0 746 789 0 96 197 44
0 778 822 0 95 197 45
0 802 848 0 70 11 46
0 810 856 1 70 10 47
0 813 859 0 51 124 48
0 822 869 1 93 199 49
0 852 900 0 68 11 50
0 862 911 1 93 198 51
0 882 932 0 96 197 52
0 893 943 0 96 197 53
0 907 958 0 95 197 54
0 927 979 0 96 198 55
0 931 983 0 96 198 56
0 932 985 0 69 11 57
0 960 1014 1 117 190 58
0 978 1033 0 95 197 59
0 990 1046 1 69 11 60
0 1001 1057 1 100 197 61
0 1033 1091 0 95 196 62
0 1084 1145 0 67 174 63
0 1087 1148 0 33 158 64
0 1134 1397 1 96 197 65
0 1158 1222 1 97 197 66
0 1169 1234 1 31 161 67
0 1171 1236 0 95 197 68
0 1177 1242 0 94 196 69
0 1191 1257 1 96 197 70
0 1196 1262 0 94 198 71
0 1202 1840 0 103 196 72
0 1204 1271 0 92 198 73
0 1236 1305 1 94 197 74
0 1263 1333 0 96 197 75
0 1308 1380 0 135 177 76
0 1311 1383 0 68 10 77
0 1331 1405 0 101 196 78
0 1335 1409 1 69 10 79
0 1344 1418 0 95 197 80
0 1361 1436 1 96 197 81
0 1365 1440 1 95 190 82
0 1370 1446 1 96 196 83
0 1378 1454 0 71 10 84
0 1423 1501 0 97 196 85
0 1444 1523 0 101 196 86
0 1455 1535 1 63 190 87
0 1475 1556 1 92 199 88
0 1477 1558 1 98 196 89
0 1478 1559 1 96 198 90
0 1502 1585 1 69 10 91
0 1508 1591 0 97 196 92
0 1548 1633 0 74 186 93
0 1550 1635 0 68 11 94
0 1570 1656 0 68 11 95
0 1573 1659 0 96 197 96
0 1586 1673 0 96 198 97
0 1591 1678 0 69 11 98
0 1592 1679 0 96 197 99
0 1601 1689 0 97 197 100
0 1613 1701 1 96 197 101
0 1614 1702 0 96 197 102
0 1616 1704 1 67 10 103
0 1617 1706 1 69 11 104
0 1682 1774 0 99 196 105
0 1684 1776 1 96 197 106
0 1701 1794 1 102 197 107
0 1704 1797 1 100 196 108
0 1712 1806 0 34 155 109
0 1719 1813 0 96 195 110
0 1730 1825 1 101 197 111
0 1749 1844 0 69 11 112
0 1754 1850 1 100 196 113
0 1793 1891 0 96 196 114
0 1798 1896 1 136 177 115
0 1804 1902 0 96 195 116
0 1817 1916 0 96 196 117
0 1828 1928 0 96 197 118
0 1842 1942 1 57 188 119
0 1865 1967 1 96 196 120
21 154 1636 1 68 11 121
26 134 1263 0 68 11 122
37 24 558 1 67 11 123
39 49 1312 0 69 10 124
39 98 1445 1 70 11 125
42 24 1537 1 69 11 126
72 1 181 1 70 10 127
84 22 441 0 69 10 128
91 1 530 1 69 11 129
91 11 1246 1 69 10 130
95 191 1912 1 68 10 131
97 68 1724 0 69 11 132
107 2 294 1 69 10 133
111 66 1993 0 70 10 134
127 4 1171 1 69 11 135
135 83 1985 1 68 11 136
138 385 1025 1 68 10 137
144 11 485 1 70 10 138
151 176 1778 1 68 10 139
152 27 641 0 69 10 140
161 253 1755 0 69 10 141
163 134 634 0 69 11 142
174 8 753 1 51 124 143
178 593 1298 1 51 124 144
179 67 1586 1 51 124 145
186 108 512 1 51 125 146
192 44 1916 1 51 124 147
192 48 1436 1 51 125 148
195 223 1824 1 51 125 149
197 178 1668 1 52 125 150
197 416 1546 1 51 125 151
205 43 1233 1 51 125 152
208 42 1152 1 51 125 153
208 58 1336 1 51 124 154
208 1567 1860 1 51 125 155
225 113 1445 1 51 125 156
226 1 698 1 51 125 157
229 158 1574 0 49 126 158
229 182 1817 0 51 124 159
229 539 1319 0 53 127 160
239 132 469 0 54 126 161
241 437 1722 0 51 124 162
260 1 863 1 52 125 163
274 2 383 1 34 133 164
274 22 1107 1 50 124 165
277 99 1999 1 52 111 166
280 65 1406 1 51 124 167
285 1 1550 1 53 124 168
286 70 1327 0 52 125 169
291 627 1897 0 52 111 170
304 20 419 0 52 125 171
309 326 1678 0 51 124 172
316 1 1824 1 51 124 173
344 2 477 1 51 124 174
350 133 850 1 51 124 175
351 207 1456 1 51 125 176
355 238 1604 0 51 125 177
356 88 1190 1 51 125 178
364 53 1476 1 52 125 179
372 111 1291 1 51 125 180
375 86 708 1 52 125 181
375 983 1957 0 50 124 182
376 167 601 0 53 126 183
385 53 925 1 50 125 184
405 11 1989 1 51 125 185
405 503 938 0 49 124 186
405 1285 1761 0 53 134 187
416 145 1068 1 50 124 188
419 393 1075 0 53 125 189
425 185 1521 0 54 121 190
426 2 466 1 52 125 191
426 65 1023 1 52 124 192
429 1 1304 1 51 125 193
429 14 1506 1 51 125 194
430 1 775 0 72 196 195
430 18 691 1 67 10 196
432 39 1189 1 70 10 197
440 48 1383 1 61 10 198
445 88 1706 0 63 11 199
445 131 1406 1 36 154 200
446 74 1124 1 63 190 201
446 167 958 1 65 10 202
446 182 1778 1 67 10 203
448 91 1683 0 61 9 204
450 750 1312 0 70 10 205
462 102 607 0 68 10 206
462 553 1048 0 69 11 207
468 1 1375 0 69 11 208
471 30 528 1 68 11 209
472 38 1391 1 69 10 210
474 101 723 0 140 24 211
479 52 1718 1 65 11 212
482 58 1434 1 96 197 213
488 353 1795 1 130 172 214
490 7 1537 1 150 164 215
491 18 769 1 99 196 216
492 56 1103 0 97 196 217
496 424 1437 1 96 196 218
503 1 1616 0 58 185 219
505 1340 1918 0 49 124 220
520 120 1911 1 33 155 221
528 49 1044 0 64 188 222
530 51 983 1 57 186 223
532 4 1757 1 57 187 224
539 3 552 1 57 187 225
545 4 559 1 58 187 226
548 11 656 1 57 187 227
549 612 1483 1 57 187 228
561 23 1003 1 57 187 229
562 31 979 1 52 180 230
563 7 1079 1 93 199 231
565 46 1079 0 33 156 232
567 1 875 0 34 157 233
567 355 1915 1 101 197 234
570 17 713 0 96 197 235
577 244 1903 0 97 197 236
580 1 1457 0 31 157 237
581 78 1795 1 33 157 238
594 119 1007 1 32 156 239
614 22 1285 1 33 156 240
617 9 696 1 33 156 241
619 1 1926 1 33 156 242
622 38 1020 1 34 155 243
635 11 1708 1 33 157 244
636 13 1028 1 33 157 245
639 4 694 1 63 21 246
640 36 756 1 33 156 247
640 184 1414 1 33 156 248
642 69 964 1 34 157 249
644 11 1697 1 33 156 250
648 119 1368 1 32 158 251
652 32 876 0 33 156 252
652 56 1634 0 33 157 253
654 111 774 1 33 156 254
663 1 1151 1 33 156 255
665 56 1908 1 33 157 256
668 25 1300 0 57 187 257
668 130 1865 1 61 189 258
668 428 1630 1 68 169 259
669 142 1027 1 55 162 260
672 167 1298 1 57 187 261
684 74 1971 1 96 197 262
690 18 1095 1 51 125 263
692 14 845 0 68 11 264
693 98 1397 1 50 185 265
695 1 1685 1 35 151 266
696 1 1800 1 57 188 267
696 116 1041 1 87 198 268
700 603 1942 1 58 186 269
702 209 1444 1 57 186 270
702 278 1588 1 88 198 271
705 177 1669 0 57 187 272
708 88 1819 1 57 187 273
712 52 1253 0 57 186 274
714 8 760 1 58 187 275
714 78 1777 1 34 154 276
714 109 1824 1 57 187 277
715 14 1306 0 32 157 278
715 190 957 0 60 188 279
719 549 1660 1 32 159 280
720 11 747 1 33 156 281
728 190 929 1 105 194 282
728 713 1480 1 69 11 283
729 9 747 1 33 157 284
736 18 857 1 12 163 285
736 56 1113 1 118 188 286
744 93 1556 1 33 154 287
744 98 1234 1 79 196 288
749 3 1391 1 34 157 289
758 326 1103 0 33 157 290
759 119 1966 1 34 156 291
768 60 1123 1 33 156 292
776 12 1666 1 33 156 293
777 1 1879 1 35 154 294
777 128 1399 1 33 157 295
780 106 1576 1 57 186 296
781 6 824 0 91 193 297
791 13 1085 0 70 10 298
793 1 909 0 33 157 299
793 5 859 1 58 183 300
794 81 1617 0 31 153 301
796 52 1806 1 88 199 302
800 19 963 1 97 197 303
809 86 1808 1 97 196 304
822 34 1154 1 58 187 305
827 38 1614 1 57 188 306
840 55 1805 1 57 188 307
843 8 1040 1 58 185 308
848 22 1414 1 52 125 309
851 640 1785 0 52 125 310
854 746 1641 1 51 125 311
859 661 1562 1 51 125 312
875 44 1317 1 52 125 313
878 7 1036 1 51 124 314
881 21 963 0 51 124 315
885 4 2000 0 51 124 316
885 100 1105 1 51 124 317
889 15 1480 0 51 125 318
900 438 1551 0 51 124 319
903 545 1743 1 51 124 320
905 5 1593 1 52 124 321
911 24 1819 1 51 124 322
917 829 1791 1 50 124 323
918 96 1889 1 50 124 324
927 90 1436 0 51 124 325
928 1 1049 1 50 124 326
934 34 1207 1 50 124 327
935 83 1469 1 97 196 328
937 165 1789 1 97 197 329
938 34 975 0 97 196 330
938 80 1659 1 33 157 331
946 209 1748 0 33 157 332
952 44 1315 0 33 157 333
954 1 1768 1 33 157 334
954 65 1839 1 33 157 335
962 29 1948 1 34 157 336
966 105 1276 0 33 157 337
973 18 1234 1 34 157 338
990 12 1128 0 33 156 339
1017 64 1850 1 33 157 340
1018 21 1246 1 35 158 341
1020 179 1684 1 32 157 342
1021 8 1090 0 33 157 343
1021 80 1948 0 33 157 344
1044 547 1745 1 33 157 345
1049 13 1301 1 34 157 346
1049 94 1693 1 33 157 347
1050 1 1238 0 33 157 348
1051 5 1355 1 33 157 349
1051 102 1637 0 33 157 350
1060 18 1271 1 32 157 351
1077 119 1782 1 32 157 352
1085 15 1540 1 33 157 353
1085 45 1141 1 32 157 354
1085 380 1524 0 33 157 355
1093 49 1543 1 36 155 356
1108 4 1697 1 33 156 357
1115 12 1217 1 33 157 358
1129 63 1957 0 33 157 359
1133 23 1289 1 33 156 360
1139 87 1992 1 33 157 361
1139 358 1753 1 33 157 362
1143 171 1861 1 33 157 363
1153 118 1795 1 32 157 364
1160 52 1577 0 33 157 365
1160 268 1689 1 33 157 366
1163 391 1576 1 32 158 367
1171 20 1644 0 33 157 368
1174 67 1790 1 32 157 369
1177 130 1730 1 32 158 370
1178 1 1214 1 70 10 371
1185 19 1444 0 69 10 372
1185 78 1927 1 34 156 373
1189 120 1369 1 34 157 374
1228 74 1308 1 147 165 375
1228 209 1450 0 48 177 376
1238 103 1512 0 63 190 377
1243 11 1471 0 57 186 378
1249 326 1667 1 58 186 379
1251 85 1552 1 57 187 380
1251 198 1547 1 82 13 381
1258 3 1671 0 33 156 382
1263 7 1743 1 33 156 383
1263 20 1625 1 41 159 384
1264 268 1549 1 43 166 385
1265 69 1963 1 1 168 386
1269 42 1548 1 123 185 387
1269 537 1928 1 188 86 388
1270 61 1399 1 40 153 389
1271 476 1774 1 57 187 390
1272 24 1534 1 89 199 391
1274 159 1688 1 33 158 392
1314 27 1701 0 57 187 393
1320 92 1701 1 31 158 394
1326 180 1924 1 33 158 395
1352 7 1421 1 140 175 396
1355 2 1774 1 51 124 397
1355 46 1587 1 96 196 398
1365 88 1763 1 57 187 399
1371 3 1507 1 70 162 400
1388 1 1680 0 57 187 401
1395 46 1474 1 81 172 402
1398 75 1668 1 57 187 403
1404 177 1717 1 33 156 404
1417 116 1911 1 32 155 405
1418 20 1700 0 58 187 406
1420 65 1904 1 33 158 407
1433 2 1476 1 62 119 408
1435 321 1932 1 34 156 409
1436 25 1743 0 31 157 410
1440 8 1497 1 33 156 411
1451 11 1570 1 33 156 412
1457 42 1735 0 34 156 413
1464 116 1946 0 34 156 414
1466 22 1594 0 34 154 415
1477 19 1954 0 59 185 416
1477 400 1901 0 79 197 417
1478 11 1708 0 60 188 418
1483 1 1592 0 52 186 419
1483 388 1905 0 59 185 420
1485 25 1966 0 53 185 421
1485 72 1704 0 60 189 422
1495 7 1560 0 77 189 423
1503 13 1711 0 60 189 424
1505 17 1897 0 60 189 425
1511 72 1766 0 65 10 426
1514 4 1600 0 88 5 427
1514 12 1770 0 88 4 428
1516 95 1872 0 70 10 429
1519 7 1593 0 69 10 430
1528 7 1669 0 188 86 431
1531 1 1576 0 188 86 432
1532 9 1656 0 189 86 433
1544 1 1733 0 49 177 434
1546 20 1634 0 49 177 435
1548 1 1630 0 84 181 436
1548 12 1818 0 2 168 437
1549 49 1847 0 93 199 438
1556 9 1748 0 96 196 439
1556 268 1985 0 57 188 440
1557 1 1823 0 71 12 441
1563 95 1868 0 57 188 442
1569 17 1687 0 33 157 443
1575 16 1984 0 92 199 444
1576 2 1613 0 58 188 445
1581 7 1664 0 59 187 446
1584 18 1739 0 58 187 447
1588 258 1981 0 90 199 448
1594 12 1693 0 57 187 449
1597 163 1810 0 58 186 450
1617 127 1754 0 57 187 451
1625 36 1992 0 64 189 452
1628 27 1865 0 57 188 453
1631 148 1788 0 57 187 454
1637 135 1963 0 57 188 455
1639 119 1767 0 63 190 456
1641 36 1955 0 51 124 457
1647 14 1818 0 51 124 458
1648 116 1921 0 50 124 459
1649 33 1734 0 34 156 460
1649 69 1804 0 11 167 461
1649 94 1917 0 2 168 462
1657 256 1951 0 57 188 463
1658 5 1844 0 58 188 464
1660 23 1803 0 57 187 465
1667 1 1699 0 57 188 466
1667 6 1911 0 60 188 467
1671 5 1724 0 57 188 468
1672 8 1856 0 57 188 469
1672 14 1979 0 63 190 470
1676 1 1852 0 57 187 471
1681 39 1974 0 59 188 472
1681 53 1771 0 59 188 473
1696 9 1827 0 57 188 474
1719 11 1951 0 58 188 475
1720 7 1958 0 58 188 476
1723 44 1992 0 53 185 477
1737 1 1905 0 63 190 478
1739 1 1855 0 58 186 479
1740 2 1772 0 55 162 480
1751 28 1993 0 57 186 481
1792 13 1914 0 64 189 482
1799 2 1817 0 70 195 483
1809 9 1876 0 60 177 484
1817 24 1917 0 57 186 485
1820 16 1979 0 56 185 486
1821 1 1890 0 60 186 487
1826 3 1831 0 96 197 488
1830 17 1970 0 58 185 489
1835 1 1843 0 62 189 490
1855 1 1868 0 58 186 491
1858 5 1950 0 60 189 492
1861 1 1901 0 57 186 493
1863 13 1979 0 60 189 494
1882 20 1908 0 58 188 495
1883 23 1995 0 57 187 496
1887 11 1975 0 63 190 497
1889 2 1963 0 57 187 498
1897 3 1950 0 62 189 499
1898 3 1908 0 58 186 500
