50
133 172
116 149
133 106
127 170
130 169
103 152
106 166
143 170
155 149
122 169
155 104
105 151
171 157
113 143
111 147
119 100
152 144
124 111
131 100
128 137
152 152
113 166
163 158
106 153
161 135
161 160
112 139
144 171
183 153
113 106
136 162
138 162
168 115
181 129
137 169
143 165
158 159
161 148
110 141
132 149
151 103
143 96
100 154
107 157
107 166
183 128
107 164
174 139
120 167
113 163
1 6 10 1 61 417 1
1 62 78 0 12 161 2
1 504 993 0 50 21 3
5 942 988 1 49 137 4
6 401 420 1 50 126 5
7 400 847 0 42 156 6
8 52 985 0 70 162 7
11 343 1698 0 155 161 8
26 648 1158 0 49 126 9
28 542 1587 0 95 2 10
30 3 52 0 130 172 11
32 165 1798 1 153 70 12
43 696 1005 0 1424 143 13
45 549 1834 1 1703 105 14
53 102 183 0 30 164 15
53 1894 1967 0 1088 1 16
55 680 780 0 69 178 17
58 720 1178 0 30 141 18
58 1373 1843 1 32 170 19
61 417 763 1 65 13 20
64 77 1120 0 1412 0 21
65 145 707 0 54 179 22
65 777 1162 1 94 195 23
66 32 147 1 62 11 24
66 839 1304 1 48 180 25
67 23 1535 1 0 167 26
68 395 1287 0 90 194 27
68 1018 1199 0 34 154 28
69 126 642 0 84 197 29
73 1159 1385 0 58 181 30
77 1169 1862 1 29 161 31
84 91 254 0 69 191 32
84 388 1604 0 67 168 33
87 285 1235 1 88 199 34
94 510 1014 1 33 157 35
100 86 1591 0 83 196 36
100 283 1493 1 938 22 37
101 15 348 1 870 877 38
101 338 1630 0 60 16 39
104 225 1327 0 33 170 40
107 675 966 1 52 181 41
107 918 1639 0 32 154 42
108 1734 1926 1 38 157 43
109 419 596 1 35 156 44
110 342 694 0 31 165 45
110 529 1384 1 7 159 46
111 38 306 0 30 139 47
111 1472 1944 0 1857 26 48
113 36 226 0 99 198 49
113 87 1160 0 85 187 50
113 1149 1417 1 46 121 51
114 246 1408 0 65 120 52
115 15 1927 1 1622 1 53
125 949 1860 0 30 161 54
126 906 1347 0 30 148 55
127 322 483 1 55 126 56
131 233 1251 0 103 175 57
135 478 1468 0 663 70 58
139 71 1084 1 61 189 59
140 39 1765 0 66 189 60
141 218 780 0 61 177 61
141 699 1162 1 56 141 62
143 936 1423 1 102 189 63
150 193 925 0 64 181 64
152 131 313 1 61 9 65
154 21 180 1 29 165 66
156 512 1091 0 1904 1 67
163 79 873 1 100 195 68
163 198 588 0 1453 0 69
164 66 929 0 1691 51 70
170 505 1135 1 60 187 71
174 461 1457 0 62 189 72
176 1393 1916 0 39 180 73
179 1114 1621 1 29 152 74
180 196 615 1 56 130 75
185 590 1806 0 97 181 76
185 659 1267 0 51 126 77
185 1068 1477 0 157 159 78
185 1555 1771 0 39 178 79
186 139 454 0 71 17 80
191 217 524 0 62 119 81
194 170 549 1 1202 182 82
201 794 1074 0 52 180 83
203 302 843 1 67 20 84
203 624 975 0 88 197 85
204 399 1312 1 138 134 86
205 937 1954 1 110 193 87
206 342 1702 0 44 159 88
207 247 716 0 66 10 89
211 91 887 1 82 13 90
211 1460 1982 0 50 141 91
212 469 1093 0 38 148 92
213 646 1756 0 79 180 93
214 1143 1741 1 29 150 94
216 211 1816 0 32 163 95
218 100 342 1 0 0 96
218 955 1325 0 41 174 97
220 111 728 1 74 123 98
222 77 361 0 52 126 99
227 188 578 0 120 172 100
229 107 403 1 1838 1 101
229 287 782 0 55 172 102
231 793 1248 0 53 124 103
232 51 438 1 1066 0 104
237 1542 1936 1 57 186 105
239 21 968 1 10 168 106
243 545 1120 1 69 181 107
243 798 1083 1 34 150 108
244 496 1128 0 106 197 109
248 1449 1881 1 41 165 110
253 1325 1640 1 818 499 111
254 91 586 1 28 162 112
260 829 1913 0 190 115 113
262 124 882 1 45 154 114
264 46 400 0 35 152 115
264 66 1172 0 65 187 116
270 16 431 0 84 184 117
270 83 384 1 75 196 118
273 784 1464 1 99 194 119
276 456 1305 0 136 103 120
279 54 823 1 37 159 121
280 106 822 0 30 143 122
285 10 1644 1 162 127 123
289 69 835 1 164 158 124
289 81 863 1 85 195 125
289 870 1387 0 13 162 126
290 632 1066 0 82 187 127
295 351 1310 0 51 127 128
297 1062 1898 0 39 153 129
298 218 1146 0 36 157 130
299 815 1972 0 835 1 131
301 175 1859 0 40 165 132
304 301 823 0 7 158 133
305 76 904 1 53 134 134
307 645 1226 0 34 151 135
310 8 583 0 40 142 136
310 323 833 0 41 163 137
311 258 1324 0 34 159 138
312 75 1252 0 118 188 139
313 504 1689 1 1921 0 140
314 72 1010 1 39 164 141
316 447 1302 0 98 197 142
316 1146 1835 1 98 194 143
317 456 1588 0 12 168 144
324 522 1171 1 121 183 145
325 604 932 0 89 176 146
338 262 1156 0 65 180 147
339 1456 1856 1 48 173 148
340 499 965 0 69 11 149
342 755 1544 0 30 150 150
344 16 697 0 138 140 151
346 113 749 0 1414 1 152
350 98 1477 0 45 160 153
353 354 1117 1 95 197 154
354 162 731 0 53 185 155
354 237 1919 0 73 195 156
355 174 983 0 30 159 157
355 580 1038 1 61 176 158
356 166 1141 1 93 189 159
357 383 1727 0 29 157 160
366 389 792 0 33 154 161
368 20 419 1 117 188 162
370 192 686 1 68 23 163
371 239 1621 1 65 179 164
374 464 1600 0 883 120 165
375 548 1016 0 67 186 166
378 290 963 1 84 198 167
380 636 1398 0 96 194 168
381 194 624 0 38 156 169
382 731 1485 0 140 24 170
383 291 1851 1 75 197 171
384 432 1365 1 70 175 172
384 462 984 0 1895 0 173
387 308 1745 0 58 120 174
387 743 1673 1 176 93 175
388 1038 1726 0 122 186 176
390 704 1803 0 13 166 177
398 433 1420 0 93 175 178
398 950 1740 1 71 175 179
399 175 711 0 49 169 180
408 238 950 0 47 172 181
409 1185 1784 1 34 163 182
413 528 1489 1 1490 107 183
415 816 1442 1 60 9 184
420 17 443 1 33 155 185
420 765 1968 0 64 188 186
423 242 712 0 38 177 187
426 452 1438 1 47 123 188
430 280 1672 0 47 183 189
435 276 747 0 46 159 190
436 682 1773 1 153 59 191
437 281 1399 0 59 7 192
439 394 839 1 96 190 193
439 712 1517 0 144 168 194
440 34 589 0 30 165 195
443 89 1108 0 48 165 196
443 159 1371 1 1982 0 197
443 374 1212 0 120 158 198
443 528 1104 0 57 188 199
444 104 792 0 57 167 200
446 885 1981 1 11 163 201
447 589 1152 0 94 196 202
450 28 1933 1 117 190 203
453 124 596 1 504 241 204
455 448 1578 1 36 153 205
455 1104 1850 1 49 129 206
456 679 1392 1 53 184 207
456 774 1917 1 47 179 208
458 1217 1942 1 33 0 209
459 797 1811 1 124 154 210
462 95 1048 1 70 174 211
465 1323 1986 0 60 126 212
466 515 1949 0 59 186 213
467 77 1321 0 73 185 214
469 325 1416 0 76 196 215
471 52 1379 0 33 158 216
471 54 965 0 55 143 217
474 57 1331 0 37 160 218
474 1016 1595 0 76 40 219
475 548 1241 0 68 12 220
476 677 1984 0 119 101 221
477 106 790 1 61 187 222
478 299 1492 1 62 175 223
479 27 833 0 59 183 224
480 838 1326 0 161 161 225
481 126 820 0 44 175 226
481 420 1085 1 48 183 227
484 142 1385 0 189 86 228
485 19 686 0 97 197 229
491 203 914 0 61 10 230
492 413 1374 1 37 157 231
493 263 1270 1 108 195 232
495 896 1865 0 103 196 233
496 64 689 1 158 158 234
504 241 778 1 124 158 235
505 256 1566 1 55 121 236
506 177 975 0 1858 1 237
506 1276 1991 1 50 125 238
508 8 521 1 78 197 239
508 680 1596 1 48 168 240
511 670 1220 0 1086 687 241
516 145 1244 0 44 182 242
519 574 1489 1 28 159 243
524 103 745 1 184 86 244
525 18 601 0 33 167 245
527 543 1816 0 84 13 246
528 54 593 0 159 159 247
528 944 1876 0 81 172 248
531 378 1276 1 31 155 249
532 106 698 1 13 160 250
536 142 1824 1 79 195 251
537 17 590 1 135 177 252
540 408 1788 1 139 174 253
545 5 574 0 33 160 254
547 149 1241 1 36 151 255
548 799 1465 1 12 167 256
549 1100 1937 1 50 184 257
551 247 884 1 54 175 258
555 399 985 0 450 28 259
555 628 1636 0 62 10 260
556 227 1003 1 55 131 261
560 1152 1733 0 40 151 262
564 199 1463 0 120 176 263
573 70 1280 1 1770 1 264
576 93 1072 1 98 195 265
578 675 1810 0 65 190 266
582 336 1523 1 77 196 267
584 1149 1887 1 42 176 268
585 7 811 1 1136 361 269
586 56 721 1 88 194 270
586 415 1812 0 98 192 271
586 698 1458 1 15 157 272
588 19 639 0 28 146 273
589 1350 1948 0 590 1 274
590 82 862 1 40 144 275
592 554 1494 1 1933 1 276
596 974 1788 0 10 166 277
598 9 713 0 137 147 278
600 109 1972 1 51 173 279
600 534 1188 0 93 197 280
603 176 944 0 135 176 281
603 732 1717 0 51 170 282
604 2 639 0 51 125 283
609 102 1564 1 49 0 284
609 437 1058 0 62 190 285
612 428 1220 0 68 169 286
618 102 759 1 60 179 287
618 191 1385 0 37 154 288
619 499 1393 1 1322 0 289
622 17 647 1 38 151 290
622 752 1482 0 101 195 291
623 539 1719 0 50 185 292
623 1011 1654 0 62 172 293
624 142 917 1 63 11 294
624 290 1127 1 162 160 295
628 453 1826 0 968 1 296
630 95 748 1 55 12 297
633 14 851 0 97 195 298
634 171 1138 0 52 124 299
639 267 1975 0 36 156 300
644 83 1193 1 44 157 301
647 232 1364 0 59 123 302
652 52 713 0 90 9 303
654 255 1683 0 30 146 304
654 387 1198 0 101 191 305
655 341 1258 1 54 121 306
661 30 1201 0 35 148 307
661 831 1794 0 67 11 308
663 70 843 1 101 196 309
663 438 1110 1 843 486 310
664 296 1999 1 103 163 311
668 54 773 0 65 191 312
671 142 1369 0 49 124 313
671 432 1491 0 63 175 314
676 379 1551 0 97 196 315
676 861 1936 1 63 17 316
680 383 1117 0 1 171 317
684 236 1122 1 51 175 318
685 185 968 1 110 195 319
685 189 1145 0 55 134 320
687 156 1135 0 1 169 321
687 1009 1838 1 35 132 322
693 170 1368 1 191 109 323
695 391 1405 0 56 185 324
697 674 1439 0 74 183 325
700 197 1166 0 52 164 326
701 6 747 1 29 151 327
713 130 1320 0 42 135 328
713 143 1403 1 70 15 329
715 174 1036 0 1967 1 330
716 38 1262 1 1598 301 331
716 62 1102 1 40 181 332
716 435 1356 1 950 0 333
719 2 724 1 57 172 334
721 76 1910 0 93 196 335
722 759 1691 0 137 15 336
725 391 1422 1 137 152 337
726 134 1424 0 90 183 338
727 182 1752 1 56 186 339
732 319 1070 1 15 158 340
732 459 1970 1 42 142 341
737 68 999 0 74 197 342
739 1 746 1 55 133 343
742 353 1505 1 1 21964 344
745 124 876 0 32 153 345
754 113 1088 0 115 159 346
755 202 1843 1 1868 1 347
755 226 1107 1 9 159 348
760 385 1437 1 27 150 349
763 172 1961 0 43 154 350
763 231 1436 0 33 150 351
765 87 1033 0 33 159 352
766 33 879 0 103 191 353
766 364 1812 0 13 164 354
768 47 832 1 55 181 355
769 153 1298 1 95 193 356
771 14 817 0 30 157 357
772 455 1612 1 80 197 358
777 530 1514 0 32 157 359
779 654 1647 0 59 185 360
783 190 1608 1 68 193 361
786 17 1051 0 56 127 362
791 29 903 1 1920 1 363
792 253 1168 1 78 196 364
794 297 1494 0 31 150 365
796 914 1966 1 52 182 366
797 24 824 1 119 175 367
802 52 1064 1 964 333 368
802 605 1902 1 69 139 369
804 302 1207 1 69 194 370
805 366 1335 1 42 163 371
807 19 1126 0 69 15 372
811 6 1140 1 91 199 373
812 121 1339 0 1107 1 374
818 307 1983 1 537 17 375
818 499 1453 0 95 190 376
819 27 939 0 90 198 377
819 97 1334 0 108 188 378
821 872 1711 0 65 15 379
825 203 1063 1 34 158 380
825 281 1216 0 41 161 381
827 420 1481 0 51 184 382
827 911 1856 1 53 126 383
830 318 1327 0 38 133 384
832 603 1667 0 76 190 385
833 511 1662 0 78 185 386
837 198 1498 0 50 178 387
839 59 1220 0 31 162 388
843 5 862 1 56 29 389
843 486 1622 1 95 194 390
844 265 1865 1 35 138 391
844 401 1856 1 1698 29 392
845 9 1673 1 70 180 393
846 8 859 1 31 166 394
846 19 1312 1 78 179 395
847 26 1012 0 134 176 396
847 439 1687 0 69 193 397
848 1 905 0 59 9 398
848 197 1125 1 624 290 399
853 612 1666 0 31 167 400
855 47 1085 1 103 197 401
855 312 1458 0 100 193 402
859 282 1396 0 63 21 403
859 295 1903 0 43 166 404
860 77 1666 0 34 157 405
862 11 923 1 77 182 406
863 410 1759 1 57 184 407
864 290 1756 0 145 168 408
865 370 1877 0 48 177 409
869 318 1468 1 36 150 410
870 877 1982 0 1 167 411
871 240 1564 1 52 127 412
872 759 1774 1 31 160 413
874 481 1729 0 30 155 414
875 223 1519 0 111 194 415
880 44 1889 1 31 161 416
880 345 1818 1 42 157 417
881 240 1990 0 104 193 418
883 120 1920 1 99 196 419
884 373 1313 1 54 19 420
885 342 1638 0 36 149 421
888 62 1658 1 11 167 422
892 88 1056 0 32 139 423
893 93 1090 0 98 185 424
895 193 1738 0 55 187 425
898 211 1469 0 94 198 426
899 2 903 0 111 191 427
901 53 1001 0 112 182 428
901 77 1186 0 59 126 429
904 411 1435 0 40 152 430
907 63 1085 1 38 144 431
908 77 1704 1 83 187 432
909 685 1603 1 54 184 433
911 195 1178 0 44 166 434
912 245 1203 1 1917 28 435
913 21 1462 0 88 196 436
914 19 1026 1 69 12 437
914 93 1158 1 60 189 438
915 272 1946 1 1572 86 439
916 129 1344 0 72 196 440
916 313 1520 0 44 163 441
922 469 1640 0 32 161 442
923 97 1298 1 2 169 443
924 195 1362 0 87 199 444
925 348 1814 1 1900 58 445
927 58 1003 0 30 153 446
927 752 1965 1 55 7 447
930 208 1670 0 147 165 448
931 527 1737 1 35 153 449
932 361 1304 0 41 154 450
936 127 1706 0 65 9 451
937 1 945 0 49 168 452
938 22 988 0 102 197 453
938 263 1445 1 3 168 454
941 350 1706 1 46 167 455
942 94 1210 0 60 181 456
943 1 996 0 57 175 457
944 577 1867 0 102 171 458
947 812 1890 0 95 198 459
948 25 1924 0 140 176 460
953 70 1798 0 105 196 461
954 92 1322 0 39 154 462
954 138 1437 1 100 196 463
958 555 1704 0 92 198 464
963 85 1210 1 63 191 465
964 333 1618 1 28 161 466
968 405 1415 1 947 812 467
971 11 1020 0 77 116 468
971 246 1586 1 84 181 469
974 215 1743 0 56 125 470
980 299 1396 0 45 182 471
980 406 1938 1 44 165 472
981 304 1702 1 1924 0 473
981 676 1765 0 155 42 474
982 110 1296 1 45 141 475
982 296 1458 1 54 125 476
985 20 1423 0 41 159 477
985 165 1229 0 96 193 478
991 6 1090 0 89 191 479
992 575 1809 1 32 152 480
993 85 1416 0 115 129 481
994 30 1107 0 74 40 482
995 564 1644 1 153 143 483
996 668 1869 0 28 163 484
1004 5 1195 1 72 12 485
1006 54 1523 1 61 122 486
1006 486 1718 1 48 174 487
1009 147 1270 1 88 200 488
1010 6 1019 1 1667 0 489
1010 376 1675 0 99 195 490
1011 140 1585 1 289 69 491
1012 4 1089 1 48 160 492
1015 854 1882 0 32 167 493
1016 253 1796 0 32 156 494
1018 225 1256 1 91 189 495
1019 366 1903 1 40 167 496
1023 365 1654 0 44 164 497
1026 32 1067 1 37 153 498
1031 80 1126 0 97 191 499
1031 130 1715 1 108 193 500
1039 336 1706 0 988 0 501
1040 562 1756 1 112 187 502
1041 791 1981 0 188 86 503
1042 193 1655 0 36 159 504
1043 278 1917 1 65 192 505
1043 379 1847 1 153 146 506
1044 22 1090 1 75 190 507
1046 108 1964 1 52 121 508
1049 376 1671 0 70 185 509
1052 123 1358 0 112 0 510
1053 118 1450 1 187 141 511
1054 23 1084 0 88 198 512
1054 137 1914 0 872 759 513
1055 697 1897 0 68 11 514
1056 87 1196 0 50 179 515
1057 89 1371 0 69 10 516
1057 282 1402 0 113 194 517
1057 689 1991 0 95 191 518
1058 152 1322 0 96 196 519
1058 165 1507 1 54 162 520
1060 115 1327 0 112 193 521
1061 6 1711 1 1963 1 522
1061 425 1921 0 42 154 523
1066 147 1947 1 71 195 524
1066 180 1294 1 52 111 525
1072 64 1507 1 130 2 526
1075 440 1935 0 112 194 527
1078 144 1736 0 188 85 528
1079 13 1946 1 86 199 529
1080 1 1088 1 42 165 530
1084 161 1484 0 44 176 531
1085 95 1238 0 58 19 532
1085 105 1342 0 35 155 533
1086 687 1838 1 102 196 534
1092 45 1936 0 30 160 535
1092 320 1479 1 60 182 536
1093 65 1856 1 136 176 537
1095 360 1519 0 1644 1 538
1096 136 1589 0 93 199 539
1097 22 1283 0 166 113 540
1098 74 1287 1 92 196 541
1098 476 1710 0 91 198 542
1099 61 1703 0 12 163 543
1106 13 1535 1 43 182 544
1110 316 1795 1 53 127 545
1114 525 1897 0 32 158 546
1117 36 1297 1 38 160 547
1126 12 1201 1 141 163 548
1126 125 1486 1 48 143 549
1126 518 1973 0 68 194 550
1127 257 1431 0 90 196 551
1128 260 1412 0 122 183 552
1131 140 1376 1 0 168 553
1133 208 1789 1 1937 9 554
1133 569 1810 0 1 168 555
1134 114 1686 0 1800 109 556
1136 361 1943 0 38 162 557
1138 469 1637 0 14 172 558
1140 360 1584 1 1919 1 559
1141 470 1634 1 48 178 560
1143 359 1995 0 50 128 561
1145 293 1658 0 40 153 562
1146 287 1917 0 35 151 563
1149 74 1232 0 1853 0 564
1152 328 1785 1 30 162 565
1153 270 1543 1 39 145 566
1154 305 1466 0 52 125 567
1156 623 1986 0 70 195 568
1158 128 1336 1 54 126 569
1159 40 1999 0 48 184 570
1161 565 1889 0 88 187 571
1164 82 1664 0 32 147 572
1165 115 1296 0 54 7 573
1165 156 1431 0 150 162 574
1168 121 1408 0 49 177 575
1171 338 1599 1 68 183 576
1172 31 1538 1 58 187 577
1178 252 1619 1 1336 35 578
1179 285 1683 0 38 149 579
1180 364 1896 0 53 125 580
1182 357 1809 0 116 191 581
1185 192 1657 0 66 190 582
1188 716 1931 1 99 197 583
1196 370 1662 0 79 196 584
1197 145 1820 1 33 135 585
1198 417 1750 0 59 173 586
1199 19 1223 1 71 11 587
1201 604 1831 1 184 144 588
1202 182 1449 0 136 177 589
1204 63 1557 0 78 190 590
1205 215 1568 1 122 184 591
1209 101 1401 0 1449 0 592
1210 306 1813 1 56 187 593
1212 14 1394 1 157 99 594
1212 62 1291 1 76 39 595
1212 698 1959 0 59 18 596
1214 102 1878 1 101 193 597
1215 745 1987 1 160 160 598
1217 278 1619 1 36 155 599
1225 9 1272 0 91 193 600
1225 301 1630 1 290 632 601
1227 129 1601 0 82 191 602
1229 94 1370 1 59 188 603
1230 139 1437 0 31 142 604
1231 605 1995 0 58 185 605
1232 365 1777 0 54 181 606
1235 41 1850 1 55 142 607
1235 401 1792 1 103 190 608
1236 49 1301 1 37 162 609
1237 83 1599 0 30 144 610
1237 197 1515 1 56 184 611
1238 8 1410 1 36 154 612
1241 118 1509 0 88 4 613
1241 167 1596 0 74 15 614
1243 202 1766 1 31 159 615
1244 100 1421 0 100 194 616
1248 88 1895 1 1127 1 617
1248 100 1400 1 47 167 618
1249 46 1735 0 126 20 619
1251 539 1882 1 55 185 620
1259 98 1768 0 34 142 621
1259 266 1602 1 110 196 622
1262 164 1843 0 31 154 623
1263 321 1749 1 40 149 624
1271 340 1858 0 1505 164 625
1271 464 1966 0 71 12 626
1271 522 1966 0 34 156 627
1273 196 1645 0 52 176 628
1274 445 1892 1 31 164 629
1275 217 1535 1 30 154 630
1279 40 1795 1 35 150 631
1279 434 1983 0 2 168 632
1281 403 1844 0 20 151 633
1285 130 1443 1 54 123 634
1285 545 1840 0 90 199 635
1291 451 1977 1 156 137 636
1296 59 1397 0 147 166 637
1296 252 1790 0 35 131 638
1297 117 1960 1 1 32655 639
1300 38 1501 1 54 169 640
1301 50 1559 1 50 120 641
1305 127 1772 1 763 1 642
1307 202 1952 1 70 194 643
1310 108 1736 0 31 157 644
1312 22 1509 0 98 198 645
1312 108 1504 0 71 196 646
1315 138 1673 0 899 2 647
1316 160 1814 1 45 159 648
1316 215 1668 1 35 146 649
1316 230 1847 0 92 199 650
1318 99 1962 1 63 190 651
1318 268 1607 0 57 187 652
1324 249 1592 0 1972 0 653
1326 159 1515 1 36 148 654
1327 23 1357 1 29 160 655
1328 68 1425 0 96 197 656
1331 138 1694 1 36 136 657
1332 156 1692 1 44 156 658
1332 327 1789 0 60 186 659
1334 228 1847 0 30 156 660
1336 35 1412 0 94 197 661
1338 2 1518 0 58 114 662
1339 433 1958 1 94 191 663
1340 18 1703 0 32 159 664
1343 15 1397 1 70 193 665
1344 6 1355 1 55 135 666
1346 57 1485 0 51 185 667
1352 1 1809 1 1705 16 668
1352 309 1728 1 64 191 669
1352 431 1915 0 3 167 670
1360 45 1460 1 71 10 671
1364 20 1398 1 32 155 672
1365 190 1785 0 57 124 673
1366 8 1446 1 66 122 674
1372 10 1386 0 113 193 675
1377 37 1482 1 10 167 676
1377 221 1744 1 64 12 677
1379 123 1680 0 37 130 678
1380 87 1962 1 56 123 679
1385 30 1806 1 138 15 680
1388 47 1532 0 200 143 681
1388 506 1970 0 96 191 682
1389 186 1704 0 50 168 683
1393 190 1592 0 52 186 684
1395 127 1734 1 1814 0 685
1396 356 1967 0 54 166 686
1398 49 1510 1 77 11 687
1399 42 1995 1 1486 195 688
1401 142 1703 0 57 185 689
1401 146 1864 1 71 9 690
1404 257 1820 1 42 164 691
1405 112 1541 1 66 184 692
1407 33 1724 1 96 195 693
1408 75 1863 0 239 21 694
1409 2 1414 1 146 165 695
1411 443 1931 1 70 12 696
1411 443 1976 0 33 171 697
1414 110 1534 1 35 157 698
1414 169 1594 0 43 142 699
1415 192 1655 0 903 0 700
1416 9 1498 0 67 10 701
1419 86 1543 0 55 162 702
1419 113 1940 0 87 198 703
1420 420 1969 1 1741 0 704
1421 87 1774 1 10 164 705
1422 352 1922 1 1927 1 706
1423 154 1899 1 32 141 707
1424 143 1770 1 39 155 708
1429 151 1647 0 1409 2 709
1440 4 1501 0 121 184 710
1441 2 1537 1 163 85 711
1441 57 1510 1 285 10 712
1452 162 1836 1 43 156 713
1453 83 1746 0 832 603 714
1455 123 1836 0 41 151 715
1458 44 1669 1 50 177 716
1458 101 1791 0 1788 103 717
1460 3 1480 1 82 188 718
1465 206 1803 0 97 199 719
1465 240 1809 0 1946 1 720
1467 102 1880 1 30 149 721
1469 25 1585 0 36 152 722
1472 95 1788 0 1618 1 723
1473 72 1900 0 29 159 724
1476 54 1545 1 34 155 725
1476 295 1792 0 102 24 726
1478 323 1951 0 42 134 727
1479 258 1907 1 138 17 728
1485 28 1537 0 41 158 729
1485 119 1634 1 41 157 730
1486 195 1904 1 74 186 731
1489 105 1781 1 57 125 732
1490 107 1789 0 98 196 733
1491 82 1770 1 60 177 734
1492 13 1855 0 38 153 735
1492 37 1767 1 35 154 736
1496 385 1964 1 408 238 737
1499 119 1753 0 92 192 738
1500 23 1771 1 89 198 739
1500 33 1590 0 49 125 740
1501 385 1953 1 53 145 741
1503 7 1619 1 69 22 742
1505 50 1841 1 38 150 743
1505 164 1814 0 96 198 744
1506 116 1762 1 52 183 745
1506 187 1880 0 167 158 746
1510 227 1955 0 54 120 747
1510 325 1996 0 140 175 748
1511 8 1561 0 13 163 749
1514 40 1929 0 59 182 750
1518 99 1874 1 67 194 751
1519 365 1898 1 71 20 752
1521 132 1718 0 46 166 753
1521 227 1753 0 5 167 754
1523 111 1779 1 12 164 755
1523 209 1997 1 63 189 756
1525 199 1819 1 124 131 757
1526 17 1591 1 46 151 758
1528 21 1697 1 50 170 759
1529 13 1725 0 8 158 760
1529 376 1909 1 115 184 761
1534 71 1787 0 67 193 762
1536 3 1987 1 77 189 763
1541 12 1569 1 178 82 764
1543 133 1886 0 60 171 765
1544 180 1757 0 55 184 766
1548 35 1599 0 33 169 767
1549 56 1777 0 53 163 768
1551 205 1771 1 686 0 769
1557 161 1744 0 33 156 770
1558 53 1628 1 74 12 771
1560 29 1697 0 89 199 772
1561 327 1979 1 109 194 773
1562 34 1988 0 109 195 774
1563 11 1962 1 69 123 775
1567 37 1878 0 67 179 776
1568 130 1758 1 37 141 777
1568 169 1903 1 31 158 778
1570 72 1765 1 58 186 779
1572 86 1741 0 120 177 780
1573 109 1723 0 507531232 21964 781
1574 146 1741 1 39 152 782
1575 48 1762 1 1714 183 783
1577 254 1989 0 75 173 784
1583 6 1940 1 1903 1 785
1587 36 1687 1 95 195 786
1588 118 1853 0 59 177 787
1589 12 1669 0 109 196 788
1589 316 1962 0 66 11 789
1590 1 1736 0 29 158 790
1590 44 1906 0 88 5 791
1591 90 1808 0 93 195 792
1591 146 1834 1 35 158 793
1592 162 1817 1 121 30 794
1592 216 1863 0 46 183 795
1594 19 1759 0 1080 1 796
1596 175 1849 1 53 183 797
1597 132 1736 1 37 152 798
1598 114 1750 1 61 163 799
1598 301 1920 1 160 158 800
1600 180 1846 1 74 196 801
1606 10 1918 1 155 162 802
1606 264 1892 0 47 180 803
1610 9 1632 1 67 174 804
1611 137 1970 0 79 192 805
1611 276 1912 0 45 143 806
1613 38 1779 0 1731 1 807
1615 3 1624 0 59 179 808
1615 54 1809 1 32 165 809
1620 126 1835 0 45 152 810
1622 59 1839 0 41 143 811
1623 25 1818 0 51 124 812
1624 36 1696 1 100 197 813
1624 186 1941 1 13 161 814
1628 206 1865 1 154 42 815
1633 18 1907 1 57 41 816
1634 155 1796 1 51 169 817
1635 38 1755 0 78 128 818
1639 5 1660 0 50 119 819
1640 204 1852 0 87 192 820
1643 301 1977 1 74 195 821
1647 221 1872 0 52 177 822
1649 39 1794 1 59 178 823
1659 31 1694 0 74 18 824
1659 175 2000 0 14 159 825
1661 135 1863 1 13 168 826
1664 34 1706 1 97 184 827
1664 39 1827 1 32 148 828
1664 48 1876 1 4 168 829
1674 195 1914 0 44 148 830
1675 11 1761 0 46 182 831
1682 102 1809 1 28 160 832
1683 169 1973 0 1551 0 833
1688 78 1888 0 47 177 834
1691 51 1868 1 52 184 835
1691 67 1766 0 83 191 836
1693 180 1971 1 75 189 837
1698 20 1788 0 60 170 838
1698 29 1801 0 101 197 839
1700 29 1820 0 70 14 840
1703 105 1858 1 60 12 841
1703 220 1981 1 12 166 842
1704 133 1976 1 49 179 843
1705 16 1731 1 64 126 844
1705 20 1793 1 76 185 845
1707 147 1891 0 1801 0 846
1708 22 1758 0 42 155 847
1708 39 1989 0 64 192 848
1708 51 1854 1 135 175 849
1708 66 1864 1 58 188 850
1709 70 1955 1 59 10 851
1710 10 1725 1 48 148 852
1712 15 1855 1 1962 1 853
1713 40 1862 0 1943 0 854
1714 28 1792 0 1789 0 855
1714 183 1903 1 51 120 856
1716 35 1758 1 63 188 857
1716 226 1960 0 90 191 858
1718 185 1970 0 150 164 859
1719 194 1953 0 38 145 860
1720 130 1873 0 1704 0 861
1723 30 1762 1 60 188 862
1727 100 1971 1 1890 0 863
1727 162 1979 0 1058 152 864
1728 3 1735 1 2 167 865
1728 19 1759 1 485 19 866
1728 25 1840 0 56 135 867
1728 134 1897 1 79 197 868
1729 87 1876 1 73 23 869
1731 192 1928 0 71 168 870
1732 74 1912 0 138 129 871
1738 67 1891 1 83 188 872
1738 133 1951 1 48 176 873
1739 120 1956 1 146 166 874
1741 131 1980 1 61 188 875
1744 118 1936 1 66 179 876
1747 32 1859 1 73 178 877
1747 80 1850 1 38 140 878
1751 68 1840 0 68 17 879
1754 115 1974 0 31 163 880
1756 2 1794 0 1061 425 881
1757 8 1799 1 53 156 882
1757 14 1895 1 1079 13 883
1757 118 1919 1 958 555 884
1759 46 1877 0 38 161 885
1762 72 1903 0 40 157 886
1765 86 1925 0 64 189 887
1767 33 1889 1 104 194 888
1770 3 1816 0 33 140 889
1770 19 1868 1 31 153 890
1771 44 1982 0 187 87 891
1773 3 1815 1 73 186 892
1774 2 1794 0 47 124 893
1774 34 1813 1 41 173 894
1778 5 1789 1 96 192 895
1779 184 1990 1 78 195 896
1783 30 1824 0 132 175 897
1783 66 1898 1 56 120 898
1786 21 1864 0 47 156 899
1788 80 1898 0 755 226 900
1788 103 1895 0 62 16 901
1789 67 1868 0 100 35 902
1791 4 1920 0 47 125 903
1792 41 1854 0 53 180 904
1793 23 1858 0 133 178 905
1793 189 1988 1 158 161 906
1798 17 1913 0 70 11 907
1799 41 1875 0 100 192 908
1799 126 1945 0 57 114 909
1800 19 1830 0 104 191 910
1800 37 1848 1 39 181 911
1800 109 1924 0 64 122 912
1802 7 1812 1 93 198 913
1804 32 1994 1 8 173 914
1805 5 1844 0 2 170 915
1806 2 1823 0 27 161 916
1806 73 1947 0 53 186 917
1807 63 2000 0 93 151 918
1808 21 1855 1 35 170 919
1813 60 1903 1 150 163 920
1813 75 1984 0 843 1 921
1819 105 1951 0 121 153 922
1820 4 1848 1 58 183 923
1823 57 1976 1 152 149 924
1824 39 1949 1 75 182 925
1825 14 1863 0 72 195 926
1827 17 1890 1 65 176 927
1828 20 1965 1 112 192 928
1829 15 1903 1 45 172 929
1831 139 1985 1 1812 1 930
1832 96 1941 0 676 379 931
1833 4 1945 1 68 186 932
1837 50 1929 0 58 184 933
1841 101 1998 1 41 164 934
1843 124 1977 0 55 186 935
1852 102 1962 0 72 9 936
1853 15 1892 1 14 168 937
1853 37 1898 0 59 187 938
1855 13 1889 0 37 135 939
1856 27 1902 0 70 10 940
1856 34 1900 1 123 185 941
1857 26 1895 0 101 182 942
1861 16 1964 1 1774 1 943
1861 17 1947 1 187 96 944
1862 45 1943 1 68 10 945
1862 59 1981 0 51 17 946
1863 12 1947 0 125 174 947
1864 104 1984 0 49 178 948
1868 4 1875 1 3 166 949
1869 26 1958 1 103 195 950
1872 66 1945 0 57 7 951
1872 89 1967 1 59 189 952
1874 25 1906 1 71 14 953
1877 4 1883 1 3 169 954
1883 2 1902 0 52 185 955
1884 96 1998 1 7 172 956
1885 38 1963 0 43 177 957
1886 44 1989 0 50 124 958
1889 4 1984 0 30 163 959
1889 64 1982 1 117 187 960
1893 8 1958 1 80 187 961
1895 1 1913 0 117 172 962
1897 28 1994 1 1802 7 963
1897 38 1963 1 163 159 964
1897 64 1979 1 53 179 965
1900 4 1960 0 54 186 966
1900 18 1939 1 58 8 967
1900 49 1984 0 93 191 968
1900 58 1972 0 1 170 969
1904 2 1957 0 64 190 970
1907 15 1927 1 34 133 971
1914 1 1956 1 171 151 972
1915 19 1977 0 42 158 973
1917 28 1967 1 57 180 974
1919 1 1927 1 51 176 975
1920 43 1998 1 49 173 976
1924 2 1929 1 95 196 977
1924 32 1979 0 507514144 21964 978
1929 20 1956 0 93 188 979
1930 9 1949 1 186 87 980
1937 9 1963 1 81 197 981
1939 1 1943 0 34 149 982
1939 4 1950 1 47 122 983
1942 8 1983 1 1588 118 984
1947 6 1960 1 36 160 985
1949 1 1952 0 33 166 986
1949 1 1979 0 65 10 987
1949 16 1991 1 53 149 988
1954 2 1965 0 62 113 989
1959 13 1982 0 64 17 990
1959 25 1998 0 77 197 991
1963 10 1996 0 104 195 992
1965 2 1980 0 105 194 993
1966 13 1988 0 28 164 994
1967 2 1971 1 71 15 995
1967 7 1976 1 57 12 996
1969 6 1979 1 65 189 997
1972 5 1983 1 43 170 998
1981 3 1988 0 778 1 999
1990 3 1998 0 46 168 1000
