500
133 172
116 149
133 106
127 170
130 169
103 152
106 166
143 170
155 149
122 169
155 104
105 151
171 157
113 143
111 147
119 100
152 144
124 111
131 100
128 137
152 152
113 166
163 158
106 153
161 135
161 160
112 139
144 171
183 153
113 106
136 162
138 162
168 115
181 129
137 169
143 165
158 159
161 148
110 141
132 149
151 103
143 96
100 154
107 157
107 166
183 128
107 164
174 139
120 167
113 163
163 154
149 163
153 163
153 162
173 124
116 101
100 155
103 160
127 138
113 101
113 149
123 140
156 158
105 164
134 151
124 139
113 160
119 104
126 168
99 160
106 162
157 162
110 165
107 145
165 158
107 158
121 164
108 152
128 168
147 167
136 136
106 149
111 160
129 171
143 169
108 156
160 144
124 165
117 141
116 158
147 168
157 153
168 158
133 98
174 133
172 134
115 168
123 139
105 156
132 102
132 147
156 107
136 169
133 99
111 158
112 165
165 135
116 157
137 158
141 149
151 154
143 168
109 155
105 162
155 106
121 144
159 158
135 158
114 103
147 163
114 140
114 108
145 166
170 140
170 139
147 164
117 162
108 144
122 157
135 104
100 151
122 171
109 152
101 156
151 162
99 159
120 166
144 167
157 147
138 170
110 142
133 154
130 199
123 165
166 99
90 157
121 145
169 146
123 138
101 162
106 147
87 162
104 150
121 171
99 149
118 169
125 108
127 113
149 164
131 101
129 101
91 156
156 99
120 147
136 157
112 155
143 166
157 150
182 150
125 169
102 156
113 104
137 152
84 160
108 142
152 100
179 140
157 146
154 99
89 161
103 148
137 168
139 106
153 146
136 164
132 170
139 121
141 162
86 159
160 143
156 162
129 157
154 134
114 100
133 109
156 148
104 154
170 124
169 124
124 167
114 150
157 105
101 164
116 106
149 162
86 160
128 169
147 155
146 108
128 112
169 157
106 161
117 100
136 107
116 107
153 136
135 162
126 162
129 99
139 131
117 169
116 168
179 153
137 170
165 156
115 166
136 163
172 124
122 100
166 157
177 133
135 135
133 170
131 166
101 148
113 150
165 123
110 145
182 149
114 104
157 148
155 129
153 103
123 143
113 138
125 100
117 138
165 155
185 140
152 164
146 130
109 157
129 150
147 108
146 162
120 164
157 102
123 117
182 132
112 158
88 161
122 108
130 140
101 158
150 165
139 169
150 103
158 148
104 147
104 161
123 163
105 157
118 142
151 108
120 107
117 165
164 158
102 153
186 128
111 163
112 157
99 150
175 135
120 103
138 117
136 165
136 170
129 169
122 128
147 134
119 163
115 99
110 144
113 157
126 170
131 98
149 131
184 134
109 141
102 160
113 147
100 160
109 165
123 104
138 163
165 154
168 112
115 164
148 159
103 155
135 109
117 101
83 161
167 134
131 165
104 149
111 145
123 154
143 172
100 150
167 158
159 140
138 171
138 158
122 162
139 170
109 161
165 102
111 165
177 124
119 107
160 98
115 159
159 161
134 98
108 165
101 151
134 116
121 170
111 144
148 106
111 143
156 161
116 167
114 168
100 162
148 158
107 146
123 102
170 157
119 162
152 103
192 152
106 158
115 143
109 153
142 169
173 156
152 108
126 167
147 130
128 165
142 168
162 142
124 100
106 155
153 114
132 146
99 152
149 151
175 133
125 111
144 163
130 98
124 166
126 165
142 161
104 148
142 170
115 113
156 142
108 155
144 96
143 151
117 167
169 142
99 151
154 101
159 162
107 155
152 105
112 164
123 101
113 142
119 103
120 170
154 103
139 128
168 129
128 99
138 169
154 97
109 166
134 171
124 103
101 153
173 123
140 163
138 109
113 137
118 100
110 166
165 152
156 164
149 106
124 160
152 107
104 153
158 157
140 165
120 101
123 99
184 129
160 138
113 99
137 167
178 132
151 104
165 151
117 142
115 167
127 169
131 112
143 124
116 143
110 153
115 100
90 160
102 148
135 149
108 143
116 159
184 151
179 128
105 146
141 106
105 148
139 103
116 138
139 164
136 171
137 134
84 161
153 107
85 160
119 167
123 166
141 163
157 163
125 171
85 161
105 159
115 138
184 130
157 160
112 147
99 158
116 108
104 159
103 154
158 158
112 104
141 170
148 154
90 159
123 168
100 153
174 156
111 157
160 145
99 154
119 166
142 156
152 131
167 148
134 170
119 101
119 153
110 163
133 111
118 106
132 169
167 121
159 150
107 148
94 154
100 149
164 124
120 165
125 101
1 6 10 1 507487216 21964 1
1 62 78 0 12 161 2
1 504 993 0 50 21 3
5 942 988 1 49 137 4
6 401 420 1 50 126 5
7 400 847 0 42 156 6
8 52 985 0 70 162 7
11 343 1698 0 155 161 8
18 17 120 1 1750 1 9
24 1688 1788 1 1979 1 10
26 648 1158 0 49 126 11
28 542 1587 0 95 2 12
30 3 52 0 130 172 13
32 165 1798 1 153 70 14
48 20 117 1 584 1149 15
49 219 1309 0 507661296 21964 16
53 102 183 0 30 164 17
53 1894 1967 0 507500368 21964 18
55 680 780 0 69 178 19
58 720 1178 0 30 141 20
58 1373 1843 1 32 170 21
61 417 763 1 65 13 22
65 145 707 0 54 179 23
65 777 1162 1 94 195 24
66 32 147 1 62 11 25
66 580 790 1 1840 0 26
66 839 1304 1 48 180 27
67 23 1535 1 0 167 28
68 395 1287 0 90 194 29
68 1018 1199 0 34 154 30
69 126 642 0 84 197 31
73 1159 1385 0 58 181 32
77 1169 1862 1 29 161 33
80 116 632 0 507670816 21964 34
84 91 254 0 69 191 35
84 388 1604 0 67 168 36
86 290 894 0 1291 451 37
87 285 1235 1 88 199 38
90 546 1400 1 661 30 39
94 510 1014 1 33 157 40
100 86 1591 0 83 196 41
101 15 348 1 507488032 21964 42
101 338 1630 0 60 16 43
104 225 1327 0 33 170 44
107 675 966 1 52 181 45
107 918 1639 0 32 154 46
108 1734 1926 1 38 157 47
109 419 596 1 35 156 48
110 342 694 0 31 165 49
110 529 1384 1 7 159 50
111 38 306 0 30 139 51
113 36 226 0 99 198 52
113 87 1160 0 85 187 53
113 1149 1417 1 46 121 54
114 246 1408 0 65 120 55
115 15 1927 1 507555744 21964 56
125 949 1860 0 30 161 57
126 906 1347 0 30 148 58
127 237 1497 1 507661200 21964 59
127 322 483 1 55 126 60
131 233 1251 0 103 175 61
131 509 655 0 1827 1 62
139 71 1084 1 61 189 63
140 39 1765 0 66 189 64
141 218 780 0 61 177 65
141 699 1162 1 56 141 66
143 936 1423 1 102 189 67
150 193 925 0 64 181 68
152 131 313 1 61 9 69
154 21 180 1 29 165 70
156 512 1091 0 507485904 21964 71
158 60 308 0 908 77 72
163 79 873 1 100 195 73
170 505 1135 1 60 187 74
174 461 1457 0 62 189 75
176 1393 1916 0 39 180 76
179 1114 1621 1 29 152 77
180 196 615 1 56 130 78
185 590 1806 0 97 181 79
185 659 1267 0 51 126 80
185 1068 1477 0 157 159 81
185 1555 1771 0 39 178 82
186 139 454 0 71 17 83
191 217 524 0 62 119 84
201 794 1074 0 52 180 85
203 302 843 1 67 20 86
203 624 975 0 88 197 87
204 399 1312 1 138 134 88
205 937 1954 1 110 193 89
206 342 1702 0 44 159 90
207 247 716 0 66 10 91
211 91 887 1 82 13 92
211 1460 1982 0 50 141 93
212 469 1093 0 38 148 94
213 646 1756 0 79 180 95
214 1143 1741 1 29 150 96
215 628 1623 0 1220 0 97
216 211 1816 0 32 163 98
218 100 342 1 0 0 99
218 955 1325 0 41 174 100
220 111 728 1 74 123 101
222 77 361 0 52 126 102
227 188 578 0 120 172 103
229 287 782 0 55 172 104
231 793 1248 0 53 124 105
232 51 438 1 1379 0 106
237 1542 1936 1 57 186 107
239 21 968 1 10 168 108
243 545 1120 1 69 181 109
243 798 1083 1 34 150 110
244 496 1128 0 106 197 111
248 1449 1881 1 41 165 112
254 91 586 1 28 162 113
260 829 1913 0 190 115 114
262 124 882 1 45 154 115
264 46 400 0 35 152 116
264 66 1172 0 65 187 117
270 16 431 0 84 184 118
270 83 384 1 75 196 119
273 784 1464 1 99 194 120
276 456 1305 0 136 103 121
278 378 1788 1 507662608 21964 122
279 54 823 1 37 159 123
280 106 822 0 30 143 124
284 15 343 1 507486768 21964 125
285 10 1644 1 162 127 126
289 81 863 1 85 195 127
289 870 1387 0 13 162 128
290 632 1066 0 82 187 129
295 351 1310 0 51 127 130
297 1062 1898 0 39 153 131
298 218 1146 0 36 157 132
301 175 1859 0 40 165 133
304 301 823 0 7 158 134
305 76 904 1 53 134 135
307 645 1226 0 34 151 136
310 8 583 0 40 142 137
310 323 833 0 41 163 138
311 258 1324 0 34 159 139
312 75 1252 0 118 188 140
313 504 1689 1 507659664 21964 141
314 72 1010 1 39 164 142
316 447 1302 0 98 197 143
316 1146 1835 1 98 194 144
317 456 1588 0 12 168 145
324 522 1171 1 121 183 146
325 604 932 0 89 176 147
338 262 1156 0 65 180 148
339 1456 1856 1 48 173 149
340 499 965 0 69 11 150
342 755 1544 0 30 150 151
344 16 697 0 138 140 152
350 98 1477 0 45 160 153
353 354 1117 1 95 197 154
354 162 731 0 53 185 155
354 237 1919 0 73 195 156
355 174 983 0 30 159 157
355 580 1038 1 61 176 158
356 166 1141 1 93 189 159
357 383 1727 0 29 157 160
366 389 792 0 33 154 161
368 20 419 1 117 188 162
370 192 686 1 68 23 163
371 239 1621 1 65 179 164
375 548 1016 0 67 186 165
378 290 963 1 84 198 166
380 636 1398 0 96 194 167
381 194 624 0 38 156 168
382 731 1485 0 140 24 169
383 291 1851 1 75 197 170
384 432 1365 1 70 175 171
384 462 984 0 507663136 21964 172
387 308 1745 0 58 120 173
387 743 1673 1 176 93 174
388 1038 1726 0 122 186 175
388 1341 1970 1 1851 1 176
390 704 1803 0 13 166 177
394 330 896 0 507622416 21964 178
398 10 1201 0 1468 1 179
398 433 1420 0 93 175 180
398 950 1740 1 71 175 181
399 175 711 0 49 169 182
405 25 439 0 507680272 21964 183
408 238 950 0 47 172 184
409 1185 1784 1 34 163 185
415 816 1442 1 60 9 186
420 17 443 1 33 155 187
420 765 1968 0 64 188 188
423 242 712 0 38 177 189
426 452 1438 1 47 123 190
430 280 1672 0 47 183 191
435 276 747 0 46 159 192
436 682 1773 1 153 59 193
437 281 1399 0 59 7 194
439 394 839 1 96 190 195
439 712 1517 0 144 168 196
440 34 589 0 30 165 197
443 89 1108 0 48 165 198
443 159 1371 1 507490064 21964 199
443 374 1212 0 120 158 200
443 528 1104 0 57 188 201
444 104 792 0 57 167 202
446 885 1981 1 11 163 203
447 589 1152 0 94 196 204
450 28 1933 1 117 190 205
455 448 1578 1 36 153 206
455 1104 1850 1 49 129 207
456 679 1392 1 53 184 208
456 774 1917 1 47 179 209
459 797 1811 1 124 154 210
462 95 1048 1 70 174 211
465 1323 1986 0 60 126 212
466 515 1949 0 59 186 213
467 77 1321 0 73 185 214
469 325 1416 0 76 196 215
471 52 1379 0 33 158 216
471 54 965 0 55 143 217
474 57 1331 0 37 160 218
474 1016 1595 0 76 40 219
475 548 1241 0 68 12 220
477 106 790 1 61 187 221
478 299 1492 1 62 175 222
478 356 926 1 1747 32 223
479 27 833 0 59 183 224
480 838 1326 0 161 161 225
481 126 820 0 44 175 226
481 420 1085 1 48 183 227
484 142 1385 0 189 86 228
485 19 686 0 97 197 229
491 203 914 0 61 10 230
492 413 1374 1 37 157 231
493 263 1270 1 108 195 232
495 896 1865 0 103 196 233
504 241 778 1 124 158 234
505 256 1566 1 55 121 235
506 1276 1991 1 50 125 236
508 8 521 1 78 197 237
508 680 1596 1 48 168 238
516 145 1244 0 44 182 239
518 52 1201 1 1458 44 240
519 574 1489 1 28 159 241
522 504 1422 1 1887 1 242
523 360 999 1 1664 39 243
524 103 745 1 184 86 244
525 18 601 0 33 167 245
527 543 1816 0 84 13 246
528 54 593 0 159 159 247
528 944 1876 0 81 172 248
531 378 1276 1 31 155 249
532 106 698 1 13 160 250
536 142 1824 1 79 195 251
537 17 590 1 135 177 252
540 408 1788 1 139 174 253
540 1250 1875 0 1982 0 254
545 5 574 0 33 160 255
545 1065 1948 0 1128 0 256
547 149 1241 1 36 151 257
548 799 1465 1 12 167 258
549 1100 1937 1 50 184 259
551 247 884 1 54 175 260
555 628 1636 0 62 10 261
555 978 1641 1 1897 64 262
556 227 1003 1 55 131 263
560 332 1047 0 33 0 264
560 1152 1733 0 40 151 265
564 199 1463 0 120 176 266
573 70 1280 1 507555552 21964 267
576 93 1072 1 98 195 268
578 675 1810 0 65 190 269
582 336 1523 1 77 196 270
584 1149 1887 1 42 176 271
586 56 721 1 88 194 272
586 415 1812 0 98 192 273
586 698 1458 1 15 157 274
588 19 639 0 28 146 275
589 1350 1948 0 507633232 21964 276
590 82 862 1 40 144 277
596 974 1788 0 10 166 278
598 9 713 0 137 147 279
600 109 1972 1 51 173 280
600 534 1188 0 93 197 281
603 176 944 0 135 176 282
603 732 1717 0 51 170 283
604 2 639 0 51 125 284
609 102 1564 1 49 0 285
609 437 1058 0 62 190 286
612 428 1220 0 68 169 287
618 102 759 1 60 179 288
618 191 1385 0 37 154 289
619 499 1393 1 507514336 21964 290
622 17 647 1 38 151 291
622 752 1482 0 101 195 292
623 539 1719 0 50 185 293
623 1011 1654 0 62 172 294
624 142 917 1 63 11 295
624 290 1127 1 162 160 296
628 453 1826 0 507486528 21964 297
630 95 748 1 55 12 298
633 14 851 0 97 195 299
634 171 1138 0 52 124 300
636 541 1702 0 1798 1 301
639 267 1975 0 36 156 302
644 83 1193 1 44 157 303
647 232 1364 0 59 123 304
648 8 697 0 1397 1 305
652 52 713 0 90 9 306
654 255 1683 0 30 146 307
654 387 1198 0 101 191 308
655 341 1258 1 54 121 309
658 133 865 1 507664528 21964 310
661 30 1201 0 35 148 311
661 831 1794 0 67 11 312
663 70 843 1 101 196 313
664 296 1999 1 103 163 314
668 54 773 0 65 191 315
671 142 1369 0 49 124 316
671 432 1491 0 63 175 317
676 379 1551 0 97 196 318
676 861 1936 1 63 17 319
680 383 1117 0 1 171 320
684 236 1122 1 51 175 321
685 185 968 1 110 195 322
685 189 1145 0 55 134 323
687 156 1135 0 1 169 324
687 1009 1838 1 35 132 325
693 170 1368 1 191 109 326
695 391 1405 0 56 185 327
697 674 1439 0 74 183 328
700 197 1166 0 52 164 329
701 6 747 1 29 151 330
704 98 974 0 108 1734 331
713 130 1320 0 42 135 332
713 143 1403 1 70 15 333
716 62 1102 1 40 181 334
716 435 1356 1 507545536 21964 335
719 2 724 1 57 172 336
721 76 1910 0 93 196 337
722 759 1691 0 137 15 338
726 134 1424 0 90 183 339
727 182 1752 1 56 186 340
732 319 1070 1 15 158 341
732 459 1970 1 42 142 342
737 68 999 0 74 197 343
739 1 746 1 55 133 344
744 362 1387 0 507659952 21964 345
745 124 876 0 32 153 346
755 226 1107 1 9 159 347
760 385 1437 1 27 150 348
763 172 1961 0 43 154 349
763 231 1436 0 33 150 350
765 87 1033 0 33 159 351
766 33 879 0 103 191 352
766 364 1812 0 13 164 353
766 929 1935 0 1509 0 354
767 11 812 0 507486048 21964 355
768 47 832 1 55 181 356
769 153 1298 1 95 193 357
771 14 817 0 30 157 358
772 455 1612 1 80 197 359
777 530 1514 0 32 157 360
779 654 1647 0 59 185 361
783 190 1608 1 68 193 362
786 17 1051 0 56 127 363
792 253 1168 1 78 196 364
794 297 1494 0 31 150 365
796 914 1966 1 52 182 366
797 24 824 1 119 175 367
802 605 1902 1 69 139 368
804 302 1207 1 69 194 369
805 366 1335 1 42 163 370
807 19 1126 0 69 15 371
811 6 1140 1 91 199 372
818 499 1453 0 95 190 373
819 27 939 0 90 198 374
819 97 1334 0 108 188 375
821 872 1711 0 65 15 376
825 203 1063 1 34 158 377
825 281 1216 0 41 161 378
827 420 1481 0 51 184 379
827 911 1856 1 53 126 380
830 318 1327 0 38 133 381
832 603 1667 0 76 190 382
833 511 1662 0 78 185 383
837 198 1498 0 50 178 384
839 59 1220 0 31 162 385
843 5 862 1 56 29 386
843 486 1622 1 95 194 387
844 265 1865 1 35 138 388
844 401 1856 1 507622848 21964 389
845 9 1673 1 70 180 390
846 8 859 1 31 166 391
846 19 1312 1 78 179 392
847 26 1012 0 134 176 393
847 439 1687 0 69 193 394
848 1 905 0 59 9 395
853 612 1666 0 31 167 396
855 47 1085 1 103 197 397
855 312 1458 0 100 193 398
859 282 1396 0 63 21 399
859 295 1903 0 43 166 400
860 77 1666 0 34 157 401
862 11 923 1 77 182 402
863 410 1759 1 57 184 403
864 290 1756 0 145 168 404
865 370 1877 0 48 177 405
869 318 1468 1 36 150 406
870 877 1982 0 1 167 407
871 240 1564 1 52 127 408
872 759 1774 1 31 160 409
874 481 1729 0 30 155 410
875 223 1519 0 111 194 411
875 318 1626 0 1201 0 412
880 44 1889 1 31 161 413
880 345 1818 1 42 157 414
881 240 1990 0 104 193 415
883 120 1920 1 99 196 416
884 373 1313 1 54 19 417
885 342 1638 0 36 149 418
888 62 1658 1 11 167 419
889 89 1396 1 1675 0 420
892 88 1056 0 32 139 421
893 93 1090 0 98 185 422
895 193 1738 0 55 187 423
898 211 1469 0 94 198 424
899 2 903 0 111 191 425
901 53 1001 0 112 182 426
901 77 1186 0 59 126 427
904 411 1435 0 40 152 428
907 63 1085 1 38 144 429
908 77 1704 1 83 187 430
909 685 1603 1 54 184 431
911 195 1178 0 44 166 432
913 21 1462 0 88 196 433
914 19 1026 1 69 12 434
914 93 1158 1 60 189 435
915 114 1135 0 1312 22 436
916 129 1344 0 72 196 437
916 313 1520 0 44 163 438
922 469 1640 0 32 161 439
923 97 1298 1 2 169 440
924 195 1362 0 87 199 441
927 58 1003 0 30 153 442
927 752 1965 1 55 7 443
930 208 1670 0 147 165 444
931 527 1737 1 35 153 445
932 361 1304 0 41 154 446
936 127 1706 0 65 9 447
937 1 945 0 49 168 448
938 22 988 0 102 197 449
938 263 1445 1 3 168 450
941 350 1706 1 46 167 451
942 94 1210 0 60 181 452
943 1 996 0 57 175 453
944 577 1867 0 102 171 454
947 812 1890 0 95 198 455
948 25 1924 0 140 176 456
953 70 1798 0 105 196 457
954 43 1930 1 507662416 21964 458
954 92 1322 0 39 154 459
954 138 1437 1 100 196 460
958 555 1704 0 92 198 461
963 85 1210 1 63 191 462
964 333 1618 1 28 161 463
967 19 1077 0 507553136 21964 464
967 378 1865 1 507554256 21964 465
971 11 1020 0 77 116 466
971 246 1586 1 84 181 467
974 215 1743 0 56 125 468
980 299 1396 0 45 182 469
980 406 1938 1 44 165 470
981 304 1702 1 507680080 21964 471
981 676 1765 0 155 42 472
982 110 1296 1 45 141 473
982 296 1458 1 54 125 474
985 20 1423 0 41 159 475
985 165 1229 0 96 193 476
991 6 1090 0 89 191 477
992 575 1809 1 32 152 478
993 85 1416 0 115 129 479
994 30 1107 0 74 40 480
995 564 1644 1 153 143 481
996 668 1869 0 28 163 482
1004 5 1195 1 72 12 483
1006 54 1523 1 61 122 484
1006 486 1718 1 48 174 485
1009 147 1270 1 88 200 486
1010 6 1019 1 507500752 21964 487
1010 376 1675 0 99 195 488
1012 4 1089 1 48 160 489
1015 854 1882 0 32 167 490
1016 253 1796 0 32 156 491
1018 225 1256 1 91 189 492
1019 366 1903 1 40 167 493
1023 365 1654 0 44 164 494
1026 32 1067 1 37 153 495
1031 80 1126 0 97 191 496
1031 130 1715 1 108 193 497
1039 336 1706 0 507489632 21964 498
1040 562 1756 1 112 187 499
1041 791 1981 0 188 86 500
1042 193 1655 0 36 159 501
1043 278 1917 1 65 192 502
1044 22 1090 1 75 190 503
1046 108 1964 1 52 121 504
1049 376 1671 0 70 185 505
1052 123 1358 0 112 0 506
1053 118 1450 1 187 141 507
1054 23 1084 0 88 198 508
1055 697 1897 0 68 11 509
1056 87 1196 0 50 179 510
1057 89 1371 0 69 10 511
1057 282 1402 0 113 194 512
1057 689 1991 0 95 191 513
1058 152 1322 0 96 196 514
1058 165 1507 1 54 162 515
1060 57 1194 0 869 318 516
1060 115 1327 0 112 193 517
1061 6 1711 1 507556176 21964 518
1061 425 1921 0 42 154 519
1066 147 1947 1 71 195 520
1066 180 1294 1 52 111 521
1072 64 1507 1 130 2 522
1075 440 1935 0 112 194 523
1078 144 1736 0 188 85 524
1079 13 1946 1 86 199 525
1080 1 1088 1 42 165 526
1084 161 1484 0 44 176 527
1085 95 1238 0 58 19 528
1085 105 1342 0 35 155 529
1086 687 1838 1 102 196 530
1092 45 1936 0 30 160 531
1092 320 1479 1 60 182 532
1093 65 1856 1 136 176 533
1095 360 1519 0 507487552 21964 534
1096 136 1589 0 93 199 535
1097 22 1283 0 166 113 536
1098 74 1287 1 92 196 537
1098 476 1710 0 91 198 538
1099 61 1703 0 12 163 539
1100 293 1804 0 839 59 540
1106 13 1535 1 43 182 541
1110 316 1795 1 53 127 542
1114 525 1897 0 32 158 543
1117 36 1297 1 38 160 544
1120 51 1210 0 226 0 545
1126 125 1486 1 48 143 546
1126 518 1973 0 68 194 547
1127 257 1431 0 90 196 548
1128 260 1412 0 122 183 549
1131 140 1376 1 0 168 550
1133 569 1810 0 1 168 551
1136 361 1943 0 38 162 552
1138 469 1637 0 14 172 553
1141 470 1634 1 48 178 554
1143 359 1995 0 50 128 555
1145 293 1658 0 40 153 556
1146 287 1917 0 35 151 557
1149 74 1232 0 507485232 21964 558
1152 328 1785 1 30 162 559
1153 270 1543 1 39 145 560
1154 305 1466 0 52 125 561
1156 623 1986 0 70 195 562
1158 128 1336 1 54 126 563
1159 40 1999 0 48 184 564
1161 565 1889 0 88 187 565
1164 82 1664 0 32 147 566
1165 115 1296 0 54 7 567
1165 156 1431 0 150 162 568
1168 121 1408 0 49 177 569
1171 338 1599 1 68 183 570
1172 31 1538 1 58 187 571
1179 285 1683 0 38 149 572
1180 364 1896 0 53 125 573
1182 357 1809 0 116 191 574
1185 192 1657 0 66 190 575
1188 375 1767 1 507661824 21964 576
1188 716 1931 1 99 197 577
1196 370 1662 0 79 196 578
1197 145 1820 1 33 135 579
1198 417 1750 0 59 173 580
1199 19 1223 1 71 11 581
1201 604 1831 1 184 144 582
1202 182 1449 0 136 177 583
1204 63 1557 0 78 190 584
1205 215 1568 1 122 184 585
1209 101 1401 0 507499552 21964 586
1210 306 1813 1 56 187 587
1212 14 1394 1 157 99 588
1212 62 1291 1 76 39 589
1212 698 1959 0 59 18 590
1214 102 1878 1 101 193 591
1215 745 1987 1 160 160 592
1217 278 1619 1 36 155 593
1220 65 1366 1 507655360 21964 594
1225 9 1272 0 91 193 595
1225 301 1630 1 471 52 596
1227 129 1601 0 82 191 597
1229 94 1370 1 59 188 598
1230 139 1437 0 31 142 599
1231 605 1995 0 58 185 600
1232 365 1777 0 54 181 601
1235 41 1850 1 55 142 602
1235 401 1792 1 103 190 603
1236 49 1301 1 37 162 604
1237 83 1599 0 30 144 605
1237 197 1515 1 56 184 606
1238 8 1410 1 36 154 607
1241 118 1509 0 88 4 608
1241 167 1596 0 74 15 609
1243 202 1766 1 31 159 610
1244 100 1421 0 100 194 611
1248 100 1400 1 47 167 612
1249 46 1735 0 126 20 613
1251 539 1882 1 55 185 614
1259 98 1768 0 34 142 615
1259 266 1602 1 110 196 616
1262 164 1843 0 31 154 617
1263 321 1749 1 40 149 618
1271 464 1966 0 71 12 619
1271 522 1966 0 34 156 620
1273 196 1645 0 52 176 621
1274 445 1892 1 31 164 622
1275 217 1535 1 30 154 623
1279 40 1795 1 35 150 624
1279 434 1983 0 2 168 625
1281 403 1844 0 20 151 626
1285 130 1443 1 54 123 627
1285 545 1840 0 90 199 628
1291 451 1977 1 156 137 629
1293 546 1904 0 1010 376 630
1295 3 1300 0 1521 227 631
1296 59 1397 0 147 166 632
1296 252 1790 0 35 131 633
1297 117 1960 1 1 32655 634
1300 38 1501 1 54 169 635
1301 50 1559 1 50 120 636
1305 127 1772 1 507665248 21964 637
1306 1 1310 1 507663040 21964 638
1307 202 1952 1 70 194 639
1310 108 1736 0 31 157 640
1311 160 1786 1 507664480 21964 641
1311 506 1918 0 1728 25 642
1312 22 1509 0 98 198 643
1312 108 1504 0 71 196 644
1316 160 1814 1 45 159 645
1316 215 1668 1 35 146 646
1316 230 1847 0 92 199 647
1318 99 1962 1 63 190 648
1318 268 1607 0 57 187 649
1326 159 1515 1 36 148 650
1327 23 1357 1 29 160 651
1328 68 1425 0 96 197 652
1331 138 1694 1 36 136 653
1332 156 1692 1 44 156 654
1332 327 1789 0 60 186 655
1334 228 1847 0 30 156 656
1336 35 1412 0 94 197 657
1338 2 1518 0 58 114 658
1339 433 1958 1 94 191 659
1340 18 1703 0 32 159 660
1343 15 1397 1 70 193 661
1344 6 1355 1 55 135 662
1345 74 1811 0 1859 1 663
1346 57 1485 0 51 185 664
1352 309 1728 1 64 191 665
1352 431 1915 0 3 167 666
1354 36 1871 0 1343 15 667
1358 131 1559 0 113 36 668
1360 45 1460 1 71 10 669
1364 20 1398 1 32 155 670
1365 190 1785 0 57 124 671
1366 8 1446 1 66 122 672
1372 10 1386 0 113 193 673
1377 37 1482 1 10 167 674
1377 221 1744 1 64 12 675
1379 123 1680 0 37 130 676
1380 87 1962 1 56 123 677
1385 30 1806 1 138 15 678
1388 47 1532 0 200 143 679
1388 506 1970 0 96 191 680
1389 186 1704 0 50 168 681
1393 190 1592 0 52 186 682
1396 356 1967 0 54 166 683
1398 49 1510 1 77 11 684
1401 142 1703 0 57 185 685
1401 146 1864 1 71 9 686
1404 257 1820 1 42 164 687
1405 112 1541 1 66 184 688
1407 33 1724 1 96 195 689
1407 229 1763 1 507501280 21964 690
1408 75 1863 0 507500512 21964 691
1408 191 1738 1 507662944 21964 692
1409 2 1414 1 146 165 693
1411 443 1931 1 70 12 694
1411 443 1976 0 33 171 695
1414 110 1534 1 35 157 696
1414 169 1594 0 43 142 697
1416 9 1498 0 67 10 698
1419 86 1543 0 55 162 699
1419 113 1940 0 87 198 700
1420 420 1969 1 507487936 21964 701
1421 87 1774 1 10 164 702
1422 352 1922 1 507673072 21964 703
1423 154 1899 1 32 141 704
1424 143 1770 1 39 155 705
1427 217 1834 0 507639808 21964 706
1435 166 1659 0 507643408 21964 707
1440 4 1501 0 121 184 708
1441 2 1537 1 163 85 709
1452 162 1836 1 43 156 710
1454 36 1698 1 383 291 711
1455 123 1836 0 41 151 712
1458 44 1669 1 50 177 713
1460 3 1480 1 82 188 714
1465 206 1803 0 97 199 715
1465 240 1809 0 507489200 21964 716
1467 102 1880 1 30 149 717
1469 25 1585 0 36 152 718
1473 72 1900 0 29 159 719
1476 54 1545 1 34 155 720
1476 295 1792 0 102 24 721
1478 323 1951 0 42 134 722
1479 258 1907 1 138 17 723
1479 387 1886 0 507543616 21964 724
1483 160 1907 1 507622704 21964 725
1485 28 1537 0 41 158 726
1485 119 1634 1 41 157 727
1486 195 1904 1 74 186 728
1489 105 1781 1 57 125 729
1490 107 1789 0 98 196 730
1491 82 1770 1 60 177 731
1492 13 1855 0 38 153 732
1492 37 1767 1 35 154 733
1496 385 1964 1 507500320 21964 734
1499 119 1753 0 92 192 735
1500 23 1771 1 89 198 736
1500 33 1590 0 49 125 737
1501 385 1953 1 53 145 738
1503 7 1619 1 69 22 739
1505 50 1841 1 38 150 740
1505 164 1814 0 96 198 741
1506 116 1762 1 52 183 742
1510 227 1955 0 54 120 743
1510 325 1996 0 140 175 744
1511 8 1561 0 13 163 745
1514 40 1929 0 59 182 746
1517 91 1974 1 507554832 21964 747
1518 99 1874 1 67 194 748
1519 365 1898 1 71 20 749
1521 132 1718 0 46 166 750
1521 227 1753 0 5 167 751
1523 111 1779 1 12 164 752
1523 209 1997 1 63 189 753
1525 199 1819 1 124 131 754
1526 17 1591 1 46 151 755
1528 21 1697 1 50 170 756
1529 13 1725 0 8 158 757
1529 376 1909 1 115 184 758
1534 71 1787 0 67 193 759
1536 3 1987 1 77 189 760
1541 12 1569 1 178 82 761
1543 133 1886 0 60 171 762
1544 180 1757 0 55 184 763
1548 35 1599 0 33 169 764
1549 56 1777 0 53 163 765
1553 42 1862 0 507664960 21964 766
1557 161 1744 0 33 156 767
1558 53 1628 1 74 12 768
1560 29 1697 0 89 199 769
1561 327 1979 1 109 194 770
1562 34 1988 0 109 195 771
1563 11 1962 1 69 123 772
1567 37 1878 0 67 179 773
1568 130 1758 1 37 141 774
1568 169 1903 1 31 158 775
1570 72 1765 1 58 186 776
1572 86 1741 0 120 177 777
1573 109 1723 0 507487888 21964 778
1574 146 1741 1 39 152 779
1577 254 1989 0 75 173 780
1587 36 1687 1 95 195 781
1588 118 1853 0 59 177 782
1589 12 1669 0 109 196 783
1589 316 1962 0 66 11 784
1590 1 1736 0 29 158 785
1590 44 1906 0 88 5 786
1591 90 1808 0 93 195 787
1591 146 1834 1 35 158 788
1592 162 1817 1 121 30 789
1592 216 1863 0 46 183 790
1596 175 1849 1 53 183 791
1597 132 1736 1 37 152 792
1598 114 1750 1 61 163 793
1598 301 1920 1 160 158 794
1600 180 1846 1 74 196 795
1606 10 1918 1 155 162 796
1606 264 1892 0 47 180 797
1610 9 1632 1 67 174 798
1610 112 1940 1 507656272 21964 799
1610 219 1865 0 1 0 800
1611 137 1970 0 79 192 801
1611 276 1912 0 45 143 802
1613 38 1779 0 507660960 21964 803
1615 3 1624 0 59 179 804
1615 54 1809 1 32 165 805
1620 126 1835 0 45 152 806
1622 59 1839 0 41 143 807
1623 25 1818 0 51 124 808
1624 36 1696 1 100 197 809
1624 186 1941 1 13 161 810
1628 206 1865 1 154 42 811
1633 18 1907 1 57 41 812
1634 155 1796 1 51 169 813
1635 38 1755 0 78 128 814
1635 57 1706 0 507486240 21964 815
1639 5 1660 0 50 119 816
1640 204 1852 0 87 192 817
1643 206 1852 0 507501040 21964 818
1643 301 1977 1 74 195 819
1647 221 1872 0 52 177 820
1649 39 1794 1 59 178 821
1659 31 1694 0 74 18 822
1659 175 2000 0 14 159 823
1661 135 1863 1 13 168 824
1664 34 1706 1 97 184 825
1664 39 1827 1 32 148 826
1664 48 1876 1 4 168 827
1674 195 1914 0 44 148 828
1675 11 1761 0 46 182 829
1682 102 1809 1 28 160 830
1683 169 1973 0 507488128 21964 831
1688 78 1888 0 47 177 832
1691 51 1868 1 52 184 833
1691 67 1766 0 83 191 834
1693 180 1971 1 75 189 835
1698 20 1788 0 60 170 836
1698 29 1801 0 101 197 837
1700 29 1820 0 70 14 838
1703 105 1858 1 60 12 839
1703 220 1981 1 12 166 840
1704 133 1976 1 49 179 841
1705 16 1731 1 64 126 842
1705 20 1793 1 76 185 843
1707 147 1891 0 507489152 21964 844
1708 22 1758 0 42 155 845
1708 39 1989 0 64 192 846
1708 51 1854 1 135 175 847
1708 66 1864 1 58 188 848
1709 70 1955 1 59 10 849
1710 10 1725 1 48 148 850
1714 28 1792 0 507544528 21964 851
1714 183 1903 1 51 120 852
1716 35 1758 1 63 188 853
1716 226 1960 0 90 191 854
1718 185 1970 0 150 164 855
1719 194 1953 0 38 145 856
1722 21 1748 0 1598 114 857
1723 30 1762 1 60 188 858
1728 3 1735 1 2 167 859
1728 19 1759 1 507665728 21964 860
1728 25 1840 0 56 135 861
1728 134 1897 1 79 197 862
1729 87 1876 1 73 23 863
1731 192 1928 0 71 168 864
1732 74 1912 0 138 129 865
1738 67 1891 1 83 188 866
1738 133 1951 1 48 176 867
1739 120 1956 1 146 166 868
1741 131 1980 1 61 188 869
1744 118 1936 1 66 179 870
1747 32 1859 1 73 178 871
1747 80 1850 1 38 140 872
1751 68 1840 0 68 17 873
1754 115 1974 0 31 163 874
1757 8 1799 1 53 156 875
1757 118 1919 1 507648160 21964 876
1759 46 1877 0 38 161 877
1762 72 1903 0 40 157 878
1765 86 1925 0 64 189 879
1767 33 1889 1 104 194 880
1768 46 1921 0 507488560 21964 881
1769 32 1812 1 507663616 21964 882
1770 3 1816 0 33 140 883
1770 19 1868 1 31 153 884
1771 44 1982 0 187 87 885
1771 73 1926 1 507662512 21964 886
1773 3 1815 1 73 186 887
1774 2 1794 0 47 124 888
1774 34 1813 1 41 173 889
1778 5 1789 1 96 192 890
1779 184 1990 1 78 195 891
1783 30 1824 0 132 175 892
1783 66 1898 1 56 120 893
1786 21 1864 0 47 156 894
1788 103 1895 0 62 16 895
1789 67 1868 0 100 35 896
1791 4 1920 0 47 125 897
1792 41 1854 0 53 180 898
1793 23 1858 0 133 178 899
1793 189 1988 1 158 161 900
1798 17 1913 0 70 11 901
1799 41 1875 0 100 192 902
1799 126 1945 0 57 114 903
1800 19 1830 0 104 191 904
1800 37 1848 1 39 181 905
1800 109 1924 0 64 122 906
1801 2 1806 1 244 496 907
1802 7 1812 1 93 198 908
1804 32 1994 1 8 173 909
1805 5 1844 0 2 170 910
1806 2 1823 0 27 161 911
1806 6 1905 0 1977 1 912
1806 73 1947 0 53 186 913
1807 63 2000 0 93 151 914
1808 21 1855 1 35 170 915
1813 60 1903 1 150 163 916
1819 105 1951 0 121 153 917
1820 4 1848 1 58 183 918
1822 53 1920 0 1771 44 919
1823 57 1976 1 152 149 920
1824 39 1949 1 75 182 921
1825 14 1863 0 72 195 922
1827 17 1890 1 65 176 923
1828 20 1965 1 112 192 924
1829 15 1903 1 45 172 925
1831 139 1985 1 507485040 21964 926
1833 4 1945 1 68 186 927
1837 50 1929 0 58 184 928
1841 101 1998 1 41 164 929
1843 124 1977 0 55 186 930
1847 15 1928 1 507484992 21964 931
1852 102 1962 0 72 9 932
1853 15 1892 1 14 168 933
1853 37 1898 0 59 187 934
1855 13 1889 0 37 135 935
1856 27 1902 0 70 10 936
1856 34 1900 1 123 185 937
1857 26 1895 0 101 182 938
1858 58 1951 1 507649744 21964 939
1861 17 1947 1 187 96 940
1862 45 1943 1 68 10 941
1862 59 1981 0 51 17 942
1863 12 1947 0 125 174 943
1864 104 1984 0 49 178 944
1868 4 1875 1 3 166 945
1869 26 1958 1 103 195 946
1872 66 1945 0 57 7 947
1872 89 1967 1 59 189 948
1874 25 1906 1 71 14 949
1875 2 1881 1 507660000 21964 950
1875 52 1992 0 507622128 21964 951
1877 4 1883 1 3 169 952
1883 2 1902 0 52 185 953
1884 96 1998 1 7 172 954
1885 38 1963 0 43 177 955
1886 44 1989 0 50 124 956
1889 4 1984 0 30 163 957
1889 64 1982 1 117 187 958
1893 8 1958 1 80 187 959
1895 1 1913 0 117 172 960
1897 28 1994 1 0 32655 961
1897 38 1963 1 163 159 962
1897 64 1979 1 53 179 963
1900 4 1960 0 54 186 964
1900 18 1939 1 58 8 965
1900 49 1984 0 93 191 966
1900 58 1972 0 1 170 967
1904 2 1957 0 64 190 968
1907 15 1927 1 34 133 969
1914 1 1956 1 171 151 970
1915 19 1977 0 42 158 971
1917 28 1967 1 57 180 972
1919 1 1927 1 51 176 973
1919 32 1997 0 1669 1 974
1920 43 1998 1 49 173 975
1924 2 1929 1 95 196 976
1924 32 1979 0 507485136 21964 977
1929 20 1956 0 93 188 978
1930 9 1949 1 186 87 979
1937 9 1963 1 81 197 980
1939 1 1943 0 34 149 981
1939 4 1950 1 47 122 982
1942 8 1983 1 507662128 21964 983
1947 6 1960 1 36 160 984
1949 1 1952 0 33 166 985
1949 1 1979 0 65 10 986
1949 16 1991 1 53 149 987
1951 26 1984 0 1926 1 988
1954 2 1965 0 62 113 989
1959 13 1982 0 64 17 990
1959 25 1998 0 77 197 991
1963 10 1996 0 104 195 992
1965 2 1980 0 105 194 993
1966 13 1988 0 28 164 994
1967 2 1971 1 71 15 995
1967 7 1976 1 57 12 996
1969 6 1979 1 65 189 997
1972 5 1983 1 43 170 998
1981 3 1988 0 507486864 21964 999
1990 3 1998 0 46 168 1000
