500
133 172
116 149
133 106
127 170
130 169
103 152
106 166
143 170
155 149
122 169
155 104
105 151
171 157
113 143
111 147
119 100
152 144
124 111
131 100
128 137
152 152
113 166
163 158
106 153
161 135
161 160
112 139
144 171
183 153
113 106
136 162
138 162
168 115
181 129
137 169
143 165
158 159
161 148
110 141
132 149
151 103
143 96
100 154
107 157
107 166
183 128
107 164
174 139
120 167
113 163
163 154
149 163
153 163
153 162
173 124
116 101
100 155
103 160
127 138
113 101
113 149
123 140
156 158
105 164
134 151
124 139
113 160
119 104
126 168
99 160
106 162
157 162
110 165
107 145
165 158
107 158
121 164
108 152
128 168
147 167
136 136
106 149
111 160
129 171
143 169
108 156
160 144
124 165
117 141
116 158
147 168
157 153
168 158
133 98
174 133
172 134
115 168
123 139
105 156
132 102
132 147
156 107
136 169
133 99
111 158
112 165
165 135
116 157
137 158
141 149
151 154
143 168
109 155
105 162
155 106
121 144
159 158
135 158
114 103
147 163
114 140
114 108
145 166
170 140
170 139
147 164
117 162
108 144
122 157
135 104
100 151
122 171
109 152
101 156
151 162
99 159
120 166
144 167
157 147
138 170
110 142
133 154
130 199
123 165
166 99
90 157
121 145
169 146
123 138
101 162
106 147
87 162
104 150
121 171
99 149
118 169
125 108
127 113
149 164
131 101
129 101
91 156
156 99
120 147
136 157
112 155
143 166
157 150
182 150
125 169
102 156
113 104
137 152
84 160
108 142
152 100
179 140
157 146
154 99
89 161
103 148
137 168
139 106
153 146
136 164
132 170
139 121
141 162
86 159
160 143
156 162
129 157
154 134
114 100
133 109
156 148
104 154
170 124
169 124
124 167
114 150
157 105
101 164
116 106
149 162
86 160
128 169
147 155
146 108
128 112
169 157
106 161
117 100
136 107
116 107
153 136
135 162
126 162
129 99
139 131
117 169
116 168
179 153
137 170
165 156
115 166
136 163
172 124
122 100
166 157
177 133
135 135
133 170
131 166
101 148
113 150
165 123
110 145
182 149
114 104
157 148
155 129
153 103
123 143
113 138
125 100
117 138
165 155
185 140
152 164
146 130
109 157
129 150
147 108
146 162
120 164
157 102
123 117
182 132
112 158
88 161
122 108
130 140
101 158
150 165
139 169
150 103
158 148
104 147
104 161
123 163
105 157
118 142
151 108
120 107
117 165
164 158
102 153
186 128
111 163
112 157
99 150
175 135
120 103
138 117
136 165
136 170
129 169
122 128
147 134
119 163
115 99
110 144
113 157
126 170
131 98
149 131
184 134
109 141
102 160
113 147
100 160
109 165
123 104
138 163
165 154
168 112
115 164
148 159
103 155
135 109
117 101
83 161
167 134
131 165
104 149
111 145
123 154
143 172
100 150
167 158
159 140
138 171
138 158
122 162
139 170
109 161
165 102
111 165
177 124
119 107
160 98
115 159
159 161
134 98
108 165
101 151
134 116
121 170
111 144
148 106
111 143
156 161
116 167
114 168
100 162
148 158
107 146
123 102
170 157
119 162
152 103
192 152
106 158
115 143
109 153
142 169
173 156
152 108
126 167
147 130
128 165
142 168
162 142
124 100
106 155
153 114
132 146
99 152
149 151
175 133
125 111
144 163
130 98
124 166
126 165
142 161
104 148
142 170
115 113
156 142
108 155
144 96
143 151
117 167
169 142
99 151
154 101
159 162
107 155
152 105
112 164
123 101
113 142
119 103
120 170
154 103
139 128
168 129
128 99
138 169
154 97
109 166
134 171
124 103
101 153
173 123
140 163
138 109
113 137
118 100
110 166
165 152
156 164
149 106
124 160
152 107
104 153
158 157
140 165
120 101
123 99
184 129
160 138
113 99
137 167
178 132
151 104
165 151
117 142
115 167
127 169
131 112
143 124
116 143
110 153
115 100
90 160
102 148
135 149
108 143
116 159
184 151
179 128
105 146
141 106
105 148
139 103
116 138
139 164
136 171
137 134
84 161
153 107
85 160
119 167
123 166
141 163
157 163
125 171
85 161
105 159
115 138
184 130
157 160
112 147
99 158
116 108
104 159
103 154
158 158
112 104
141 170
148 154
90 159
123 168
100 153
174 156
111 157
160 145
99 154
119 166
142 156
152 131
167 148
134 170
119 101
119 153
110 163
133 111
118 106
132 169
167 121
159 150
107 148
94 154
100 149
164 124
120 165
125 101
26 648 1158 0 49 126 1
30 3 52 0 130 172 2
68 1018 1199 0 34 154 3
94 510 1014 1 33 157 4
139 71 1084 1 61 189 5
152 131 313 1 61 9 6
201 794 1074 0 52 180 7
231 793 1248 0 53 124 8
237 1542 1936 1 57 186 9
305 76 904 1 53 134 10
316 447 1302 0 98 197 11
340 499 965 0 69 11 12
353 354 1117 1 95 197 13
382 731 1485 0 140 24 14
420 17 443 1 33 155 15
420 765 1968 0 64 188 16
443 528 1104 0 57 188 17
447 589 1152 0 94 196 18
450 28 1933 1 117 190 19
471 52 1379 0 33 158 20
485 19 686 0 97 197 21
491 203 914 0 61 10 22
495 896 1865 0 103 196 23
506 1276 1991 1 50 125 24
537 17 590 1 135 177 25
600 534 1188 0 93 197 26
604 2 639 0 51 125 27
612 428 1220 0 68 169 28
623 539 1719 0 50 185 29
624 142 917 1 63 11 30
634 171 1138 0 52 124 31
655 341 1258 1 54 121 32
663 70 843 1 101 196 33
671 142 1369 0 49 124 34
676 379 1551 0 97 196 35
818 499 1453 0 95 190 36
827 911 1856 1 53 126 37
859 282 1396 0 63 21 38
860 77 1666 0 34 157 39
880 44 1889 1 31 161 40
883 120 1920 1 99 196 41
898 211 1469 0 94 198 42
916 129 1344 0 72 196 43
938 22 988 0 102 197 44
947 812 1890 0 95 198 45
954 138 1437 1 100 196 46
958 555 1704 0 92 198 47
1016 253 1796 0 32 156 48
1054 23 1084 0 88 198 49
1055 697 1897 0 68 11 50
1057 89 1371 0 69 10 51
1058 152 1322 0 96 196 52
1060 115 1327 0 112 193 53
1066 180 1294 1 52 111 54
1086 687 1838 1 102 196 55
1096 136 1589 0 93 199 56
1110 316 1795 1 53 127 57
1114 525 1897 0 32 158 58
1146 287 1917 0 35 151 59
1154 305 1466 0 52 125 60
1158 128 1336 1 54 126 61
1172 31 1538 1 58 187 62
1180 364 1896 0 53 125 63
1202 182 1449 0 136 177 64
1204 63 1557 0 78 190 65
1231 605 1995 0 58 185 66
1238 8 1410 1 36 154 67
1259 266 1602 1 110 196 68
1310 108 1736 0 31 157 69
1316 230 1847 0 92 199 70
1318 99 1962 1 63 190 71
1318 268 1607 0 57 187 72
1328 68 1425 0 96 197 73
1336 35 1412 0 94 197 74
1407 33 1724 1 96 195 75
1409 2 1414 1 146 165 76
1416 9 1498 0 67 10 77
1419 86 1543 0 55 162 78
1419 113 1940 0 87 198 79
1476 54 1545 1 34 155 80
1486 195 1904 1 74 186 81
1490 107 1789 0 98 196 82
1505 164 1814 0 96 198 83
1557 161 1744 0 33 156 84
1570 72 1765 1 58 186 85
1610 9 1632 1 67 174 86
1623 25 1818 0 51 124 87
1624 36 1696 1 100 197 88
1698 29 1801 0 101 197 89
1718 185 1970 0 150 164 90
1723 30 1762 1 60 188 91
1728 3 1735 1 2 167 92
1798 17 1913 0 70 11 93
1802 7 1812 1 93 198 94
1856 27 1902 0 70 10 95
1862 45 1943 1 68 10 96
1886 44 1989 0 50 124 97
1907 15 1927 1 34 133 98
1924 2 1929 1 95 196 99
1949 1 1979 0 65 10 100
