100
133 172
116 149
133 106
127 170
130 169
103 152
106 166
143 170
155 149
122 169
155 104
105 151
171 157
113 143
111 147
119 100
152 144
124 111
131 100
128 137
152 152
113 166
163 158
106 153
161 135
161 160
112 139
144 171
183 153
113 106
136 162
138 162
168 115
181 129
137 169
143 165
158 159
161 148
110 141
132 149
151 103
143 96
100 154
107 157
107 166
183 128
107 164
174 139
120 167
113 163
163 154
149 163
153 163
153 162
173 124
116 101
100 155
103 160
127 138
113 101
113 149
123 140
156 158
105 164
134 151
124 139
113 160
119 104
126 168
99 160
106 162
157 162
110 165
107 145
165 158
107 158
121 164
108 152
128 168
147 167
136 136
106 149
111 160
129 171
143 169
108 156
160 144
124 165
117 141
116 158
147 168
157 153
168 158
133 98
174 133
172 134
115 168
123 139
105 156
132 102
26 648 1158 0 49 126 1
30 3 52 0 130 172 2
68 1018 1199 0 34 154 3
94 510 1014 1 33 157 4
139 71 1084 1 61 189 5
152 131 313 1 61 9 6
201 794 1074 0 52 180 7
231 793 1248 0 53 124 8
237 1542 1936 1 57 186 9
305 76 904 1 53 134 10
316 447 1302 0 98 197 11
340 499 965 0 69 11 12
353 354 1117 1 95 197 13
382 731 1485 0 140 24 14
420 17 443 1 33 155 15
420 765 1968 0 64 188 16
443 528 1104 0 57 188 17
447 589 1152 0 94 196 18
450 28 1933 1 117 190 19
471 52 1379 0 33 158 20
485 19 686 0 97 197 21
491 203 914 0 61 10 22
495 896 1865 0 103 196 23
506 1276 1991 1 50 125 24
537 17 590 1 135 177 25
600 534 1188 0 93 197 26
604 2 639 0 51 125 27
612 428 1220 0 68 169 28
623 539 1719 0 50 185 29
624 142 917 1 63 11 30
634 171 1138 0 52 124 31
655 341 1258 1 54 121 32
663 70 843 1 101 196 33
671 142 1369 0 49 124 34
676 379 1551 0 97 196 35
818 499 1453 0 95 190 36
827 911 1856 1 53 126 37
859 282 1396 0 63 21 38
860 77 1666 0 34 157 39
880 44 1889 1 31 161 40
883 120 1920 1 99 196 41
898 211 1469 0 94 198 42
916 129 1344 0 72 196 43
938 22 988 0 102 197 44
947 812 1890 0 95 198 45
954 138 1437 1 100 196 46
958 555 1704 0 92 198 47
1016 253 1796 0 32 156 48
1054 23 1084 0 88 198 49
1055 697 1897 0 68 11 50
1057 89 1371 0 69 10 51
1058 152 1322 0 96 196 52
1060 115 1327 0 112 193 53
1066 180 1294 1 52 111 54
1086 687 1838 1 102 196 55
1096 136 1589 0 93 199 56
1110 316 1795 1 53 127 57
1114 525 1897 0 32 158 58
1146 287 1917 0 35 151 59
1154 305 1466 0 52 125 60
1158 128 1336 1 54 126 61
1172 31 1538 1 58 187 62
1180 364 1896 0 53 125 63
1202 182 1449 0 136 177 64
1204 63 1557 0 78 190 65
1231 605 1995 0 58 185 66
1238 8 1410 1 36 154 67
1259 266 1602 1 110 196 68
1310 108 1736 0 31 157 69
1316 230 1847 0 92 199 70
1318 99 1962 1 63 190 71
1318 268 1607 0 57 187 72
1328 68 1425 0 96 197 73
1336 35 1412 0 94 197 74
1407 33 1724 1 96 195 75
1409 2 1414 1 146 165 76
1416 9 1498 0 67 10 77
1419 86 1543 0 55 162 78
1419 113 1940 0 87 198 79
1476 54 1545 1 34 155 80
1486 195 1904 1 74 186 81
1490 107 1789 0 98 196 82
1505 164 1814 0 96 198 83
1557 161 1744 0 33 156 84
1570 72 1765 1 58 186 85
1610 9 1632 1 67 174 86
1623 25 1818 0 51 124 87
1624 36 1696 1 100 197 88
1698 29 1801 0 101 197 89
1718 185 1970 0 150 164 90
1723 30 1762 1 60 188 91
1728 3 1735 1 2 167 92
1798 17 1913 0 70 11 93
1802 7 1812 1 93 198 94
1856 27 1902 0 70 10 95
1862 45 1943 1 68 10 96
1886 44 1989 0 50 124 97
1907 15 1927 1 34 133 98
1924 2 1929 1 95 196 99
1949 1 1979 0 65 10 100
