50
133 172
116 149
133 106
127 170
130 169
103 152
106 166
143 170
155 149
122 169
155 104
105 151
171 157
113 143
111 147
119 100
152 144
124 111
131 100
128 137
152 152
113 166
163 158
106 153
161 135
161 160
112 139
144 171
183 153
113 106
136 162
138 162
168 115
181 129
137 169
143 165
158 159
161 148
110 141
132 149
151 103
143 96
100 154
107 157
107 166
183 128
107 164
174 139
120 167
113 163
8 52 985 0 70 162 1
26 648 1158 0 49 126 2
30 3 52 0 130 172 3
68 1018 1199 0 34 154 4
87 285 1235 1 88 199 5
94 510 1014 1 33 157 6
139 71 1084 1 61 189 7
143 936 1423 1 102 189 8
152 131 313 1 61 9 9
174 461 1457 0 62 189 10
191 217 524 0 62 119 11
201 794 1074 0 52 180 12
211 91 887 1 82 13 13
231 793 1248 0 53 124 14
237 1542 1936 1 57 186 15
305 76 904 1 53 134 16
312 75 1252 0 118 188 17
316 447 1302 0 98 197 18
340 499 965 0 69 11 19
353 354 1117 1 95 197 20
354 162 731 0 53 185 21
366 389 792 0 33 154 22
380 636 1398 0 96 194 23
382 731 1485 0 140 24 24
420 17 443 1 33 155 25
420 765 1968 0 64 188 26
443 528 1104 0 57 188 27
447 589 1152 0 94 196 28
450 28 1933 1 117 190 29
456 679 1392 1 53 184 30
466 515 1949 0 59 186 31
471 52 1379 0 33 158 32
484 142 1385 0 189 86 33
485 19 686 0 97 197 34
491 203 914 0 61 10 35
495 896 1865 0 103 196 36
506 1276 1991 1 50 125 37
528 944 1876 0 81 172 38
537 17 590 1 135 177 39
545 5 574 0 33 160 40
549 1100 1937 1 50 184 41
600 534 1188 0 93 197 42
604 2 639 0 51 125 43
609 437 1058 0 62 190 44
612 428 1220 0 68 169 45
623 539 1719 0 50 185 46
624 142 917 1 63 11 47
633 14 851 0 97 195 48
634 171 1138 0 52 124 49
639 267 1975 0 36 156 50
655 341 1258 1 54 121 51
663 70 843 1 101 196 52
671 142 1369 0 49 124 53
676 379 1551 0 97 196 54
695 391 1405 0 56 185 55
719 2 724 1 57 172 56
727 182 1752 1 56 186 57
777 530 1514 0 32 157 58
779 654 1647 0 59 185 59
818 499 1453 0 95 190 60
827 911 1856 1 53 126 61
844 265 1865 1 35 138 62
855 47 1085 1 103 197 63
859 282 1396 0 63 21 64
859 295 1903 0 43 166 65
860 77 1666 0 34 157 66
865 370 1877 0 48 177 67
880 44 1889 1 31 161 68
883 120 1920 1 99 196 69
888 62 1658 1 11 167 70
898 211 1469 0 94 198 71
914 93 1158 1 60 189 72
916 129 1344 0 72 196 73
930 208 1670 0 147 165 74
938 22 988 0 102 197 75
947 812 1890 0 95 198 76
954 138 1437 1 100 196 77
958 555 1704 0 92 198 78
963 85 1210 1 63 191 79
971 246 1586 1 84 181 80
985 20 1423 0 41 159 81
985 165 1229 0 96 193 82
1016 253 1796 0 32 156 83
1041 791 1981 0 188 86 84
1054 23 1084 0 88 198 85
1055 697 1897 0 68 11 86
1057 89 1371 0 69 10 87
1058 152 1322 0 96 196 88
1060 115 1327 0 112 193 89
1066 180 1294 1 52 111 90
1086 687 1838 1 102 196 91
1092 320 1479 1 60 182 92
1096 136 1589 0 93 199 93
1098 476 1710 0 91 198 94
1099 61 1703 0 12 163 95
1110 316 1795 1 53 127 96
1114 525 1897 0 32 158 97
1133 569 1810 0 1 168 98
1141 470 1634 1 48 178 99
1145 293 1658 0 40 153 100
1146 287 1917 0 35 151 101
1154 305 1466 0 52 125 102
1156 623 1986 0 70 195 103
1158 128 1336 1 54 126 104
1168 121 1408 0 49 177 105
1172 31 1538 1 58 187 106
1180 364 1896 0 53 125 107
1188 716 1931 1 99 197 108
1196 370 1662 0 79 196 109
1197 145 1820 1 33 135 110
1202 182 1449 0 136 177 111
1204 63 1557 0 78 190 112
1210 306 1813 1 56 187 113
1217 278 1619 1 36 155 114
1225 9 1272 0 91 193 115
1229 94 1370 1 59 188 116
1231 605 1995 0 58 185 117
1237 197 1515 1 56 184 118
1238 8 1410 1 36 154 119
1241 118 1509 0 88 4 120
1244 100 1421 0 100 194 121
1251 539 1882 1 55 185 122
1259 266 1602 1 110 196 123
1271 464 1966 0 71 12 124
1271 522 1966 0 34 156 125
1279 434 1983 0 2 168 126
1285 545 1840 0 90 199 127
1310 108 1736 0 31 157 128
1316 230 1847 0 92 199 129
1318 99 1962 1 63 190 130
1318 268 1607 0 57 187 131
1328 68 1425 0 96 197 132
1332 327 1789 0 60 186 133
1334 228 1847 0 30 156 134
1336 35 1412 0 94 197 135
1340 18 1703 0 32 159 136
1346 57 1485 0 51 185 137
1364 20 1398 1 32 155 138
1388 506 1970 0 96 191 139
1393 190 1592 0 52 186 140
1401 142 1703 0 57 185 141
1407 33 1724 1 96 195 142
1409 2 1414 1 146 165 143
1416 9 1498 0 67 10 144
1419 86 1543 0 55 162 145
1419 113 1940 0 87 198 146
1476 54 1545 1 34 155 147
1486 195 1904 1 74 186 148
1490 107 1789 0 98 196 149
1491 82 1770 1 60 177 150
1492 37 1767 1 35 154 151
1505 164 1814 0 96 198 152
1510 325 1996 0 140 175 153
1523 209 1997 1 63 189 154
1536 3 1987 1 77 189 155
1557 161 1744 0 33 156 156
1560 29 1697 0 89 199 157
1568 169 1903 1 31 158 158
1570 72 1765 1 58 186 159
1587 36 1687 1 95 195 160
1589 12 1669 0 109 196 161
1590 44 1906 0 88 5 162
1591 146 1834 1 35 158 163
1592 216 1863 0 46 183 164
1596 175 1849 1 53 183 165
1610 9 1632 1 67 174 166
1623 25 1818 0 51 124 167
1624 36 1696 1 100 197 168
1688 78 1888 0 47 177 169
1698 29 1801 0 101 197 170
1708 39 1989 0 64 192 171
1708 66 1864 1 58 188 172
1718 185 1970 0 150 164 173
1723 30 1762 1 60 188 174
1728 3 1735 1 2 167 175
1728 134 1897 1 79 197 176
1741 131 1980 1 61 188 177
1765 86 1925 0 64 189 178
1770 19 1868 1 31 153 179
1798 17 1913 0 70 11 180
1800 37 1848 1 39 181 181
1802 7 1812 1 93 198 182
1806 73 1947 0 53 186 183
1820 4 1848 1 58 183 184
1824 39 1949 1 75 182 185
1827 17 1890 1 65 176 186
1837 50 1929 0 58 184 187
1853 37 1898 0 59 187 188
1856 27 1902 0 70 10 189
1856 34 1900 1 123 185 190
1862 45 1943 1 68 10 191
1869 26 1958 1 103 195 192
1886 44 1989 0 50 124 193
1900 4 1960 0 54 186 194
1904 2 1957 0 64 190 195
1907 15 1927 1 34 133 196
1924 2 1929 1 95 196 197
1929 20 1956 0 93 188 198
1949 1 1979 0 65 10 199
1965 2 1980 0 105 194 200
