100
133 172
116 149
133 106
127 170
130 169
103 152
106 166
143 170
155 149
122 169
155 104
105 151
171 157
113 143
111 147
119 100
152 144
124 111
131 100
128 137
152 152
113 166
163 158
106 153
161 135
161 160
112 139
144 171
183 153
113 106
136 162
138 162
168 115
181 129
137 169
143 165
158 159
161 148
110 141
132 149
151 103
143 96
100 154
107 157
107 166
183 128
107 164
174 139
120 167
113 163
163 154
149 163
153 163
153 162
173 124
116 101
100 155
103 160
127 138
113 101
113 149
123 140
156 158
105 164
134 151
124 139
113 160
119 104
126 168
99 160
106 162
157 162
110 165
107 145
165 158
107 158
121 164
108 152
128 168
147 167
136 136
106 149
111 160
129 171
143 169
108 156
160 144
124 165
117 141
116 158
147 168
157 153
168 158
133 98
174 133
172 134
115 168
123 139
105 156
132 102
1 62 78 0 12 161 1
1 504 993 0 50 21 2
6 401 420 1 50 126 3
8 52 985 0 70 162 4
11 343 1698 0 155 161 5
26 648 1158 0 49 126 6
30 3 52 0 130 172 7
55 680 780 0 69 178 8
61 417 763 1 65 13 9
65 777 1162 1 94 195 10
68 1018 1199 0 34 154 11
69 126 642 0 84 197 12
87 285 1235 1 88 199 13
94 510 1014 1 33 157 14
100 86 1591 0 83 196 15
107 918 1639 0 32 154 16
109 419 596 1 35 156 17
110 529 1384 1 7 159 18
113 87 1160 0 85 187 19
114 246 1408 0 65 120 20
139 71 1084 1 61 189 21
141 218 780 0 61 177 22
143 936 1423 1 102 189 23
150 193 925 0 64 181 24
152 131 313 1 61 9 25
163 79 873 1 100 195 26
174 461 1457 0 62 189 27
176 1393 1916 0 39 180 28
179 1114 1621 1 29 152 29
185 590 1806 0 97 181 30
185 659 1267 0 51 126 31
185 1068 1477 0 157 159 32
191 217 524 0 62 119 33
201 794 1074 0 52 180 34
204 399 1312 1 138 134 35
206 342 1702 0 44 159 36
207 247 716 0 66 10 37
211 91 887 1 82 13 38
212 469 1093 0 38 148 39
213 646 1756 0 79 180 40
222 77 361 0 52 126 41
229 287 782 0 55 172 42
231 793 1248 0 53 124 43
237 1542 1936 1 57 186 44
239 21 968 1 10 168 45
254 91 586 1 28 162 46
260 829 1913 0 190 115 47
264 46 400 0 35 152 48
264 66 1172 0 65 187 49
285 10 1644 1 162 127 50
289 69 835 1 164 158 51
289 870 1387 0 13 162 52
297 1062 1898 0 39 153 53
298 218 1146 0 36 157 54
304 301 823 0 7 158 55
305 76 904 1 53 134 56
307 645 1226 0 34 151 57
310 8 583 0 40 142 58
311 258 1324 0 34 159 59
312 75 1252 0 118 188 60
316 447 1302 0 98 197 61
338 262 1156 0 65 180 62
340 499 965 0 69 11 63
342 755 1544 0 30 150 64
344 16 697 0 138 140 65
353 354 1117 1 95 197 66
354 162 731 0 53 185 67
355 174 983 0 30 159 68
355 580 1038 1 61 176 69
356 166 1141 1 93 189 70
357 383 1727 0 29 157 71
366 389 792 0 33 154 72
368 20 419 1 117 188 73
370 192 686 1 68 23 74
375 548 1016 0 67 186 75
378 290 963 1 84 198 76
380 636 1398 0 96 194 77
382 731 1485 0 140 24 78
387 743 1673 1 176 93 79
390 704 1803 0 13 166 80
398 433 1420 0 93 175 81
399 175 711 0 49 169 82
415 816 1442 1 60 9 83
420 17 443 1 33 155 84
420 765 1968 0 64 188 85
430 280 1672 0 47 183 86
437 281 1399 0 59 7 87
439 712 1517 0 144 168 88
443 89 1108 0 48 165 89
443 528 1104 0 57 188 90
444 104 792 0 57 167 91
446 885 1981 1 11 163 92
447 589 1152 0 94 196 93
450 28 1933 1 117 190 94
455 448 1578 1 36 153 95
455 1104 1850 1 49 129 96
456 679 1392 1 53 184 97
459 797 1811 1 124 154 98
462 95 1048 1 70 174 99
466 515 1949 0 59 186 100
471 52 1379 0 33 158 101
474 57 1331 0 37 160 102
475 548 1241 0 68 12 103
476 677 1984 0 119 101 104
477 106 790 1 61 187 105
479 27 833 0 59 183 106
481 420 1085 1 48 183 107
484 142 1385 0 189 86 108
485 19 686 0 97 197 109
491 203 914 0 61 10 110
492 413 1374 1 37 157 111
493 263 1270 1 108 195 112
495 896 1865 0 103 196 113
506 1276 1991 1 50 125 114
516 145 1244 0 44 182 115
524 103 745 1 184 86 116
525 18 601 0 33 167 117
528 54 593 0 159 159 118
528 944 1876 0 81 172 119
531 378 1276 1 31 155 120
532 106 698 1 13 160 121
536 142 1824 1 79 195 122
537 17 590 1 135 177 123
540 408 1788 1 139 174 124
545 5 574 0 33 160 125
549 1100 1937 1 50 184 126
555 628 1636 0 62 10 127
564 199 1463 0 120 176 128
578 675 1810 0 65 190 129
582 336 1523 1 77 196 130
586 698 1458 1 15 157 131
598 9 713 0 137 147 132
600 534 1188 0 93 197 133
603 176 944 0 135 176 134
603 732 1717 0 51 170 135
604 2 639 0 51 125 136
609 437 1058 0 62 190 137
612 428 1220 0 68 169 138
618 102 759 1 60 179 139
618 191 1385 0 37 154 140
623 539 1719 0 50 185 141
623 1011 1654 0 62 172 142
624 142 917 1 63 11 143
624 290 1127 1 162 160 144
633 14 851 0 97 195 145
634 171 1138 0 52 124 146
639 267 1975 0 36 156 147
655 341 1258 1 54 121 148
661 831 1794 0 67 11 149
663 70 843 1 101 196 150
668 54 773 0 65 191 151
671 142 1369 0 49 124 152
676 379 1551 0 97 196 153
680 383 1117 0 1 171 154
684 236 1122 1 51 175 155
685 185 968 1 110 195 156
687 156 1135 0 1 169 157
695 391 1405 0 56 185 158
716 62 1102 1 40 181 159
719 2 724 1 57 172 160
721 76 1910 0 93 196 161
722 759 1691 0 137 15 162
726 134 1424 0 90 183 163
727 182 1752 1 56 186 164
732 319 1070 1 15 158 165
745 124 876 0 32 153 166
754 113 1088 0 115 159 167
765 87 1033 0 33 159 168
766 364 1812 0 13 164 169
769 153 1298 1 95 193 170
771 14 817 0 30 157 171
777 530 1514 0 32 157 172
779 654 1647 0 59 185 173
792 253 1168 1 78 196 174
796 914 1966 1 52 182 175
797 24 824 1 119 175 176
802 605 1902 1 69 139 177
804 302 1207 1 69 194 178
805 366 1335 1 42 163 179
807 19 1126 0 69 15 180
811 6 1140 1 91 199 181
818 499 1453 0 95 190 182
819 27 939 0 90 198 183
819 97 1334 0 108 188 184
825 203 1063 1 34 158 185
827 911 1856 1 53 126 186
833 511 1662 0 78 185 187
843 486 1622 1 95 194 188
844 265 1865 1 35 138 189
846 8 859 1 31 166 190
847 439 1687 0 69 193 191
848 1 905 0 59 9 192
855 47 1085 1 103 197 193
859 282 1396 0 63 21 194
859 295 1903 0 43 166 195
860 77 1666 0 34 157 196
862 11 923 1 77 182 197
863 410 1759 1 57 184 198
864 290 1756 0 145 168 199
865 370 1877 0 48 177 200
870 877 1982 0 1 167 201
872 759 1774 1 31 160 202
880 44 1889 1 31 161 203
881 240 1990 0 104 193 204
883 120 1920 1 99 196 205
888 62 1658 1 11 167 206
898 211 1469 0 94 198 207
899 2 903 0 111 191 208
901 53 1001 0 112 182 209
904 411 1435 0 40 152 210
907 63 1085 1 38 144 211
909 685 1603 1 54 184 212
911 195 1178 0 44 166 213
913 21 1462 0 88 196 214
914 19 1026 1 69 12 215
914 93 1158 1 60 189 216
916 129 1344 0 72 196 217
923 97 1298 1 2 169 218
927 58 1003 0 30 153 219
930 208 1670 0 147 165 220
937 1 945 0 49 168 221
938 22 988 0 102 197 222
938 263 1445 1 3 168 223
941 350 1706 1 46 167 224
947 812 1890 0 95 198 225
948 25 1924 0 140 176 226
954 138 1437 1 100 196 227
958 555 1704 0 92 198 228
963 85 1210 1 63 191 229
971 11 1020 0 77 116 230
971 246 1586 1 84 181 231
974 215 1743 0 56 125 232
980 299 1396 0 45 182 233
981 676 1765 0 155 42 234
985 20 1423 0 41 159 235
985 165 1229 0 96 193 236
992 575 1809 1 32 152 237
995 564 1644 1 153 143 238
1004 5 1195 1 72 12 239
1006 54 1523 1 61 122 240
1006 486 1718 1 48 174 241
1012 4 1089 1 48 160 242
1016 253 1796 0 32 156 243
1018 225 1256 1 91 189 244
1023 365 1654 0 44 164 245
1026 32 1067 1 37 153 246
1040 562 1756 1 112 187 247
1041 791 1981 0 188 86 248
1043 278 1917 1 65 192 249
1046 108 1964 1 52 121 250
1052 123 1358 0 112 0 251
1053 118 1450 1 187 141 252
1054 23 1084 0 88 198 253
1055 697 1897 0 68 11 254
1056 87 1196 0 50 179 255
1057 89 1371 0 69 10 256
1057 689 1991 0 95 191 257
1058 152 1322 0 96 196 258
1060 115 1327 0 112 193 259
1061 425 1921 0 42 154 260
1066 147 1947 1 71 195 261
1066 180 1294 1 52 111 262
1079 13 1946 1 86 199 263
1085 105 1342 0 35 155 264
1086 687 1838 1 102 196 265
1092 320 1479 1 60 182 266
1096 136 1589 0 93 199 267
1098 476 1710 0 91 198 268
1099 61 1703 0 12 163 269
1106 13 1535 1 43 182 270
1110 316 1795 1 53 127 271
1114 525 1897 0 32 158 272
1126 12 1201 1 141 163 273
1126 518 1973 0 68 194 274
1133 569 1810 0 1 168 275
1141 470 1634 1 48 178 276
1143 359 1995 0 50 128 277
1145 293 1658 0 40 153 278
1146 287 1917 0 35 151 279
1154 305 1466 0 52 125 280
1156 623 1986 0 70 195 281
1158 128 1336 1 54 126 282
1159 40 1999 0 48 184 283
1161 565 1889 0 88 187 284
1165 156 1431 0 150 162 285
1168 121 1408 0 49 177 286
1172 31 1538 1 58 187 287
1179 285 1683 0 38 149 288
1180 364 1896 0 53 125 289
1188 716 1931 1 99 197 290
1196 370 1662 0 79 196 291
1197 145 1820 1 33 135 292
1202 182 1449 0 136 177 293
1204 63 1557 0 78 190 294
1205 215 1568 1 122 184 295
1210 306 1813 1 56 187 296
1212 62 1291 1 76 39 297
1212 698 1959 0 59 18 298
1215 745 1987 1 160 160 299
1217 278 1619 1 36 155 300
1225 9 1272 0 91 193 301
1229 94 1370 1 59 188 302
1231 605 1995 0 58 185 303
1237 83 1599 0 30 144 304
1237 197 1515 1 56 184 305
1238 8 1410 1 36 154 306
1241 118 1509 0 88 4 307
1243 202 1766 1 31 159 308
1244 100 1421 0 100 194 309
1251 539 1882 1 55 185 310
1259 266 1602 1 110 196 311
1262 164 1843 0 31 154 312
1271 464 1966 0 71 12 313
1271 522 1966 0 34 156 314
1273 196 1645 0 52 176 315
1274 445 1892 1 31 164 316
1275 217 1535 1 30 154 317
1279 434 1983 0 2 168 318
1285 545 1840 0 90 199 319
1300 38 1501 1 54 169 320
1307 202 1952 1 70 194 321
1310 108 1736 0 31 157 322
1312 108 1504 0 71 196 323
1316 230 1847 0 92 199 324
1318 99 1962 1 63 190 325
1318 268 1607 0 57 187 326
1327 23 1357 1 29 160 327
1328 68 1425 0 96 197 328
1332 327 1789 0 60 186 329
1334 228 1847 0 30 156 330
1336 35 1412 0 94 197 331
1339 433 1958 1 94 191 332
1340 18 1703 0 32 159 333
1344 6 1355 1 55 135 334
1346 57 1485 0 51 185 335
1352 309 1728 1 64 191 336
1352 431 1915 0 3 167 337
1360 45 1460 1 71 10 338
1364 20 1398 1 32 155 339
1366 8 1446 1 66 122 340
1377 37 1482 1 10 167 341
1379 123 1680 0 37 130 342
1385 30 1806 1 138 15 343
1388 47 1532 0 200 143 344
1388 506 1970 0 96 191 345
1389 186 1704 0 50 168 346
1393 190 1592 0 52 186 347
1398 49 1510 1 77 11 348
1401 142 1703 0 57 185 349
1401 146 1864 1 71 9 350
1407 33 1724 1 96 195 351
1409 2 1414 1 146 165 352
1411 443 1931 1 70 12 353
1414 110 1534 1 35 157 354
1416 9 1498 0 67 10 355
1419 86 1543 0 55 162 356
1419 113 1940 0 87 198 357
1421 87 1774 1 10 164 358
1440 4 1501 0 121 184 359
1473 72 1900 0 29 159 360
1476 54 1545 1 34 155 361
1486 195 1904 1 74 186 362
1490 107 1789 0 98 196 363
1491 82 1770 1 60 177 364
1492 13 1855 0 38 153 365
1492 37 1767 1 35 154 366
1499 119 1753 0 92 192 367
1500 33 1590 0 49 125 368
1505 164 1814 0 96 198 369
1506 116 1762 1 52 183 370
1510 227 1955 0 54 120 371
1510 325 1996 0 140 175 372
1511 8 1561 0 13 163 373
1514 40 1929 0 59 182 374
1518 99 1874 1 67 194 375
1519 365 1898 1 71 20 376
1523 111 1779 1 12 164 377
1523 209 1997 1 63 189 378
1529 13 1725 0 8 158 379
1529 376 1909 1 115 184 380
1534 71 1787 0 67 193 381
1536 3 1987 1 77 189 382
1544 180 1757 0 55 184 383
1549 56 1777 0 53 163 384
1557 161 1744 0 33 156 385
1560 29 1697 0 89 199 386
1561 327 1979 1 109 194 387
1562 34 1988 0 109 195 388
1568 169 1903 1 31 158 389
1570 72 1765 1 58 186 390
1572 86 1741 0 120 177 391
1587 36 1687 1 95 195 392
1589 12 1669 0 109 196 393
1589 316 1962 0 66 11 394
1590 44 1906 0 88 5 395
1591 90 1808 0 93 195 396
1591 146 1834 1 35 158 397
1592 216 1863 0 46 183 398
1596 175 1849 1 53 183 399
1597 132 1736 1 37 152 400
1598 301 1920 1 160 158 401
1600 180 1846 1 74 196 402
1606 10 1918 1 155 162 403
1606 264 1892 0 47 180 404
1610 9 1632 1 67 174 405
1623 25 1818 0 51 124 406
1624 36 1696 1 100 197 407
1624 186 1941 1 13 161 408
1633 18 1907 1 57 41 409
1649 39 1794 1 59 178 410
1664 48 1876 1 4 168 411
1675 11 1761 0 46 182 412
1682 102 1809 1 28 160 413
1688 78 1888 0 47 177 414
1691 51 1868 1 52 184 415
1698 20 1788 0 60 170 416
1698 29 1801 0 101 197 417
1703 105 1858 1 60 12 418
1703 220 1981 1 12 166 419
1705 16 1731 1 64 126 420
1708 22 1758 0 42 155 421
1708 39 1989 0 64 192 422
1708 66 1864 1 58 188 423
1709 70 1955 1 59 10 424
1710 10 1725 1 48 148 425
1716 35 1758 1 63 188 426
1716 226 1960 0 90 191 427
1718 185 1970 0 150 164 428
1719 194 1953 0 38 145 429
1723 30 1762 1 60 188 430
1728 3 1735 1 2 167 431
1728 134 1897 1 79 197 432
1732 74 1912 0 138 129 433
1738 67 1891 1 83 188 434
1738 133 1951 1 48 176 435
1739 120 1956 1 146 166 436
1741 131 1980 1 61 188 437
1751 68 1840 0 68 17 438
1754 115 1974 0 31 163 439
1765 86 1925 0 64 189 440
1770 19 1868 1 31 153 441
1773 3 1815 1 73 186 442
1774 2 1794 0 47 124 443
1783 66 1898 1 56 120 444
1786 21 1864 0 47 156 445
1788 103 1895 0 62 16 446
1791 4 1920 0 47 125 447
1793 23 1858 0 133 178 448
1798 17 1913 0 70 11 449
1800 19 1830 0 104 191 450
1800 37 1848 1 39 181 451
1800 109 1924 0 64 122 452
1802 7 1812 1 93 198 453
1805 5 1844 0 2 170 454
1806 73 1947 0 53 186 455
1813 60 1903 1 150 163 456
1819 105 1951 0 121 153 457
1820 4 1848 1 58 183 458
1824 39 1949 1 75 182 459
1827 17 1890 1 65 176 460
1828 20 1965 1 112 192 461
1833 4 1945 1 68 186 462
1837 50 1929 0 58 184 463
1841 101 1998 1 41 164 464
1843 124 1977 0 55 186 465
1853 15 1892 1 14 168 466
1853 37 1898 0 59 187 467
1856 27 1902 0 70 10 468
1856 34 1900 1 123 185 469
1862 45 1943 1 68 10 470
1863 12 1947 0 125 174 471
1864 104 1984 0 49 178 472
1869 26 1958 1 103 195 473
1872 66 1945 0 57 7 474
1872 89 1967 1 59 189 475
1874 25 1906 1 71 14 476
1877 4 1883 1 3 169 477
1883 2 1902 0 52 185 478
1885 38 1963 0 43 177 479
1886 44 1989 0 50 124 480
1889 64 1982 1 117 187 481
1895 1 1913 0 117 172 482
1897 38 1963 1 163 159 483
1900 4 1960 0 54 186 484
1900 18 1939 1 58 8 485
1900 58 1972 0 1 170 486
1904 2 1957 0 64 190 487
1907 15 1927 1 34 133 488
1915 19 1977 0 42 158 489
1917 28 1967 1 57 180 490
1919 1 1927 1 51 176 491
1924 2 1929 1 95 196 492
1929 20 1956 0 93 188 493
1939 1 1943 0 34 149 494
1949 1 1979 0 65 10 495
1949 16 1991 1 53 149 496
1954 2 1965 0 62 113 497
1965 2 1980 0 105 194 498
1967 2 1971 1 71 15 499
1990 3 1998 0 46 168 500
