500
133 172
116 149
133 106
127 170
130 169
103 152
106 166
143 170
155 149
122 169
155 104
105 151
171 157
113 143
111 147
119 100
152 144
124 111
131 100
128 137
152 152
113 166
163 158
106 153
161 135
161 160
112 139
144 171
183 153
113 106
136 162
138 162
168 115
181 129
137 169
143 165
158 159
161 148
110 141
132 149
151 103
143 96
100 154
107 157
107 166
183 128
107 164
174 139
120 167
113 163
163 154
149 163
153 163
153 162
173 124
116 101
100 155
103 160
127 138
113 101
113 149
123 140
156 158
105 164
134 151
124 139
113 160
119 104
126 168
99 160
106 162
157 162
110 165
107 145
165 158
107 158
121 164
108 152
128 168
147 167
136 136
106 149
111 160
129 171
143 169
108 156
160 144
124 165
117 141
116 158
147 168
157 153
168 158
133 98
174 133
172 134
115 168
123 139
105 156
132 102
132 147
156 107
136 169
133 99
111 158
112 165
165 135
116 157
137 158
141 149
151 154
143 168
109 155
105 162
155 106
121 144
159 158
135 158
114 103
147 163
114 140
114 108
145 166
170 140
170 139
147 164
117 162
108 144
122 157
135 104
100 151
122 171
109 152
101 156
151 162
99 159
120 166
144 167
157 147
138 170
110 142
133 154
130 199
123 165
166 99
90 157
121 145
169 146
123 138
101 162
106 147
87 162
104 150
121 171
99 149
118 169
125 108
127 113
149 164
131 101
129 101
91 156
156 99
120 147
136 157
112 155
143 166
157 150
182 150
125 169
102 156
113 104
137 152
84 160
108 142
152 100
179 140
157 146
154 99
89 161
103 148
137 168
139 106
153 146
136 164
132 170
139 121
141 162
86 159
160 143
156 162
129 157
154 134
114 100
133 109
156 148
104 154
170 124
169 124
124 167
114 150
157 105
101 164
116 106
149 162
86 160
128 169
147 155
146 108
128 112
169 157
106 161
117 100
136 107
116 107
153 136
135 162
126 162
129 99
139 131
117 169
116 168
179 153
137 170
165 156
115 166
136 163
172 124
122 100
166 157
177 133
135 135
133 170
131 166
101 148
113 150
165 123
110 145
182 149
114 104
157 148
155 129
153 103
123 143
113 138
125 100
117 138
165 155
185 140
152 164
146 130
109 157
129 150
147 108
146 162
120 164
157 102
123 117
182 132
112 158
88 161
122 108
130 140
101 158
150 165
139 169
150 103
158 148
104 147
104 161
123 163
105 157
118 142
151 108
120 107
117 165
164 158
102 153
186 128
111 163
112 157
99 150
175 135
120 103
138 117
136 165
136 170
129 169
122 128
147 134
119 163
115 99
110 144
113 157
126 170
131 98
149 131
184 134
109 141
102 160
113 147
100 160
109 165
123 104
138 163
165 154
168 112
115 164
148 159
103 155
135 109
117 101
83 161
167 134
131 165
104 149
111 145
123 154
143 172
100 150
167 158
159 140
138 171
138 158
122 162
139 170
109 161
165 102
111 165
177 124
119 107
160 98
115 159
159 161
134 98
108 165
101 151
134 116
121 170
111 144
148 106
111 143
156 161
116 167
114 168
100 162
148 158
107 146
123 102
170 157
119 162
152 103
192 152
106 158
115 143
109 153
142 169
173 156
152 108
126 167
147 130
128 165
142 168
162 142
124 100
106 155
153 114
132 146
99 152
149 151
175 133
125 111
144 163
130 98
124 166
126 165
142 161
104 148
142 170
115 113
156 142
108 155
144 96
143 151
117 167
169 142
99 151
154 101
159 162
107 155
152 105
112 164
123 101
113 142
119 103
120 170
154 103
139 128
168 129
128 99
138 169
154 97
109 166
134 171
124 103
101 153
173 123
140 163
138 109
113 137
118 100
110 166
165 152
156 164
149 106
124 160
152 107
104 153
158 157
140 165
120 101
123 99
184 129
160 138
113 99
137 167
178 132
151 104
165 151
117 142
115 167
127 169
131 112
143 124
116 143
110 153
115 100
90 160
102 148
135 149
108 143
116 159
184 151
179 128
105 146
141 106
105 148
139 103
116 138
139 164
136 171
137 134
84 161
153 107
85 160
119 167
123 166
141 163
157 163
125 171
85 161
105 159
115 138
184 130
157 160
112 147
99 158
116 108
104 159
103 154
158 158
112 104
141 170
148 154
90 159
123 168
100 153
174 156
111 157
160 145
99 154
119 166
142 156
152 131
167 148
134 170
119 101
119 153
110 163
133 111
118 106
132 169
167 121
159 150
107 148
94 154
100 149
164 124
120 165
125 101
1 62 78 0 12 161 1
1 504 993 0 50 21 2
6 401 420 1 50 126 3
8 52 985 0 70 162 4
11 343 1698 0 155 161 5
26 648 1158 0 49 126 6
30 3 52 0 130 172 7
55 680 780 0 69 178 8
61 417 763 1 65 13 9
65 777 1162 1 94 195 10
68 1018 1199 0 34 154 11
69 126 642 0 84 197 12
87 285 1235 1 88 199 13
94 510 1014 1 33 157 14
100 86 1591 0 83 196 15
107 918 1639 0 32 154 16
109 419 596 1 35 156 17
110 529 1384 1 7 159 18
113 87 1160 0 85 187 19
114 246 1408 0 65 120 20
139 71 1084 1 61 189 21
141 218 780 0 61 177 22
143 936 1423 1 102 189 23
150 193 925 0 64 181 24
152 131 313 1 61 9 25
163 79 873 1 100 195 26
174 461 1457 0 62 189 27
176 1393 1916 0 39 180 28
179 1114 1621 1 29 152 29
185 590 1806 0 97 181 30
185 659 1267 0 51 126 31
185 1068 1477 0 157 159 32
191 217 524 0 62 119 33
201 794 1074 0 52 180 34
204 399 1312 1 138 134 35
206 342 1702 0 44 159 36
207 247 716 0 66 10 37
211 91 887 1 82 13 38
212 469 1093 0 38 148 39
213 646 1756 0 79 180 40
222 77 361 0 52 126 41
229 287 782 0 55 172 42
231 793 1248 0 53 124 43
237 1542 1936 1 57 186 44
239 21 968 1 10 168 45
254 91 586 1 28 162 46
260 829 1913 0 190 115 47
264 46 400 0 35 152 48
264 66 1172 0 65 187 49
285 10 1644 1 162 127 50
289 870 1387 0 13 162 51
297 1062 1898 0 39 153 52
298 218 1146 0 36 157 53
304 301 823 0 7 158 54
305 76 904 1 53 134 55
307 645 1226 0 34 151 56
310 8 583 0 40 142 57
311 258 1324 0 34 159 58
312 75 1252 0 118 188 59
316 447 1302 0 98 197 60
338 262 1156 0 65 180 61
340 499 965 0 69 11 62
342 755 1544 0 30 150 63
344 16 697 0 138 140 64
353 354 1117 1 95 197 65
354 162 731 0 53 185 66
355 174 983 0 30 159 67
355 580 1038 1 61 176 68
356 166 1141 1 93 189 69
357 383 1727 0 29 157 70
366 389 792 0 33 154 71
368 20 419 1 117 188 72
370 192 686 1 68 23 73
375 548 1016 0 67 186 74
378 290 963 1 84 198 75
380 636 1398 0 96 194 76
382 731 1485 0 140 24 77
387 743 1673 1 176 93 78
390 704 1803 0 13 166 79
398 433 1420 0 93 175 80
399 175 711 0 49 169 81
415 816 1442 1 60 9 82
420 17 443 1 33 155 83
420 765 1968 0 64 188 84
430 280 1672 0 47 183 85
437 281 1399 0 59 7 86
439 712 1517 0 144 168 87
443 89 1108 0 48 165 88
443 528 1104 0 57 188 89
444 104 792 0 57 167 90
446 885 1981 1 11 163 91
447 589 1152 0 94 196 92
450 28 1933 1 117 190 93
455 448 1578 1 36 153 94
455 1104 1850 1 49 129 95
456 679 1392 1 53 184 96
459 797 1811 1 124 154 97
462 95 1048 1 70 174 98
466 515 1949 0 59 186 99
471 52 1379 0 33 158 100
474 57 1331 0 37 160 101
475 548 1241 0 68 12 102
477 106 790 1 61 187 103
479 27 833 0 59 183 104
481 420 1085 1 48 183 105
484 142 1385 0 189 86 106
485 19 686 0 97 197 107
491 203 914 0 61 10 108
492 413 1374 1 37 157 109
493 263 1270 1 108 195 110
495 896 1865 0 103 196 111
506 1276 1991 1 50 125 112
516 145 1244 0 44 182 113
524 103 745 1 184 86 114
525 18 601 0 33 167 115
528 54 593 0 159 159 116
528 944 1876 0 81 172 117
531 378 1276 1 31 155 118
532 106 698 1 13 160 119
536 142 1824 1 79 195 120
537 17 590 1 135 177 121
540 408 1788 1 139 174 122
545 5 574 0 33 160 123
549 1100 1937 1 50 184 124
555 628 1636 0 62 10 125
564 199 1463 0 120 176 126
578 675 1810 0 65 190 127
582 336 1523 1 77 196 128
586 698 1458 1 15 157 129
598 9 713 0 137 147 130
600 534 1188 0 93 197 131
603 176 944 0 135 176 132
603 732 1717 0 51 170 133
604 2 639 0 51 125 134
609 437 1058 0 62 190 135
612 428 1220 0 68 169 136
618 102 759 1 60 179 137
618 191 1385 0 37 154 138
623 539 1719 0 50 185 139
623 1011 1654 0 62 172 140
624 142 917 1 63 11 141
624 290 1127 1 162 160 142
633 14 851 0 97 195 143
634 171 1138 0 52 124 144
639 267 1975 0 36 156 145
655 341 1258 1 54 121 146
661 831 1794 0 67 11 147
663 70 843 1 101 196 148
668 54 773 0 65 191 149
671 142 1369 0 49 124 150
676 379 1551 0 97 196 151
680 383 1117 0 1 171 152
684 236 1122 1 51 175 153
685 185 968 1 110 195 154
687 156 1135 0 1 169 155
695 391 1405 0 56 185 156
716 62 1102 1 40 181 157
719 2 724 1 57 172 158
721 76 1910 0 93 196 159
722 759 1691 0 137 15 160
726 134 1424 0 90 183 161
727 182 1752 1 56 186 162
732 319 1070 1 15 158 163
745 124 876 0 32 153 164
765 87 1033 0 33 159 165
766 364 1812 0 13 164 166
769 153 1298 1 95 193 167
771 14 817 0 30 157 168
777 530 1514 0 32 157 169
779 654 1647 0 59 185 170
792 253 1168 1 78 196 171
796 914 1966 1 52 182 172
797 24 824 1 119 175 173
802 605 1902 1 69 139 174
804 302 1207 1 69 194 175
805 366 1335 1 42 163 176
807 19 1126 0 69 15 177
811 6 1140 1 91 199 178
818 499 1453 0 95 190 179
819 27 939 0 90 198 180
819 97 1334 0 108 188 181
825 203 1063 1 34 158 182
827 911 1856 1 53 126 183
833 511 1662 0 78 185 184
843 486 1622 1 95 194 185
844 265 1865 1 35 138 186
846 8 859 1 31 166 187
847 439 1687 0 69 193 188
848 1 905 0 59 9 189
855 47 1085 1 103 197 190
859 282 1396 0 63 21 191
859 295 1903 0 43 166 192
860 77 1666 0 34 157 193
862 11 923 1 77 182 194
863 410 1759 1 57 184 195
864 290 1756 0 145 168 196
865 370 1877 0 48 177 197
870 877 1982 0 1 167 198
872 759 1774 1 31 160 199
880 44 1889 1 31 161 200
881 240 1990 0 104 193 201
883 120 1920 1 99 196 202
888 62 1658 1 11 167 203
898 211 1469 0 94 198 204
899 2 903 0 111 191 205
901 53 1001 0 112 182 206
904 411 1435 0 40 152 207
907 63 1085 1 38 144 208
909 685 1603 1 54 184 209
911 195 1178 0 44 166 210
913 21 1462 0 88 196 211
914 19 1026 1 69 12 212
914 93 1158 1 60 189 213
916 129 1344 0 72 196 214
923 97 1298 1 2 169 215
927 58 1003 0 30 153 216
930 208 1670 0 147 165 217
937 1 945 0 49 168 218
938 22 988 0 102 197 219
938 263 1445 1 3 168 220
941 350 1706 1 46 167 221
947 812 1890 0 95 198 222
948 25 1924 0 140 176 223
954 138 1437 1 100 196 224
958 555 1704 0 92 198 225
963 85 1210 1 63 191 226
964 333 1618 1 28 161 227
971 11 1020 0 77 116 228
971 246 1586 1 84 181 229
974 215 1743 0 56 125 230
980 299 1396 0 45 182 231
981 676 1765 0 155 42 232
985 20 1423 0 41 159 233
985 165 1229 0 96 193 234
992 575 1809 1 32 152 235
995 564 1644 1 153 143 236
1004 5 1195 1 72 12 237
1006 54 1523 1 61 122 238
1006 486 1718 1 48 174 239
1012 4 1089 1 48 160 240
1016 253 1796 0 32 156 241
1018 225 1256 1 91 189 242
1023 365 1654 0 44 164 243
1026 32 1067 1 37 153 244
1040 562 1756 1 112 187 245
1041 791 1981 0 188 86 246
1043 278 1917 1 65 192 247
1046 108 1964 1 52 121 248
1052 123 1358 0 112 0 249
1053 118 1450 1 187 141 250
1054 23 1084 0 88 198 251
1055 697 1897 0 68 11 252
1056 87 1196 0 50 179 253
1057 89 1371 0 69 10 254
1057 689 1991 0 95 191 255
1058 152 1322 0 96 196 256
1060 115 1327 0 112 193 257
1061 425 1921 0 42 154 258
1066 147 1947 1 71 195 259
1066 180 1294 1 52 111 260
1079 13 1946 1 86 199 261
1080 1 1088 1 42 165 262
1085 105 1342 0 35 155 263
1086 687 1838 1 102 196 264
1092 320 1479 1 60 182 265
1096 136 1589 0 93 199 266
1098 476 1710 0 91 198 267
1099 61 1703 0 12 163 268
1106 13 1535 1 43 182 269
1110 316 1795 1 53 127 270
1114 525 1897 0 32 158 271
1126 518 1973 0 68 194 272
1133 569 1810 0 1 168 273
1141 470 1634 1 48 178 274
1143 359 1995 0 50 128 275
1145 293 1658 0 40 153 276
1146 287 1917 0 35 151 277
1154 305 1466 0 52 125 278
1156 623 1986 0 70 195 279
1158 128 1336 1 54 126 280
1159 40 1999 0 48 184 281
1161 565 1889 0 88 187 282
1165 156 1431 0 150 162 283
1168 121 1408 0 49 177 284
1172 31 1538 1 58 187 285
1179 285 1683 0 38 149 286
1180 364 1896 0 53 125 287
1188 716 1931 1 99 197 288
1196 370 1662 0 79 196 289
1197 145 1820 1 33 135 290
1202 182 1449 0 136 177 291
1204 63 1557 0 78 190 292
1205 215 1568 1 122 184 293
1210 306 1813 1 56 187 294
1212 62 1291 1 76 39 295
1212 698 1959 0 59 18 296
1215 745 1987 1 160 160 297
1217 278 1619 1 36 155 298
1225 9 1272 0 91 193 299
1229 94 1370 1 59 188 300
1231 605 1995 0 58 185 301
1237 83 1599 0 30 144 302
1237 197 1515 1 56 184 303
1238 8 1410 1 36 154 304
1241 118 1509 0 88 4 305
1243 202 1766 1 31 159 306
1244 100 1421 0 100 194 307
1251 539 1882 1 55 185 308
1259 266 1602 1 110 196 309
1262 164 1843 0 31 154 310
1271 464 1966 0 71 12 311
1271 522 1966 0 34 156 312
1273 196 1645 0 52 176 313
1274 445 1892 1 31 164 314
1275 217 1535 1 30 154 315
1279 434 1983 0 2 168 316
1285 545 1840 0 90 199 317
1300 38 1501 1 54 169 318
1307 202 1952 1 70 194 319
1310 108 1736 0 31 157 320
1312 108 1504 0 71 196 321
1316 230 1847 0 92 199 322
1318 99 1962 1 63 190 323
1318 268 1607 0 57 187 324
1327 23 1357 1 29 160 325
1328 68 1425 0 96 197 326
1332 327 1789 0 60 186 327
1334 228 1847 0 30 156 328
1336 35 1412 0 94 197 329
1339 433 1958 1 94 191 330
1340 18 1703 0 32 159 331
1344 6 1355 1 55 135 332
1346 57 1485 0 51 185 333
1352 309 1728 1 64 191 334
1352 431 1915 0 3 167 335
1360 45 1460 1 71 10 336
1364 20 1398 1 32 155 337
1366 8 1446 1 66 122 338
1377 37 1482 1 10 167 339
1379 123 1680 0 37 130 340
1385 30 1806 1 138 15 341
1388 47 1532 0 200 143 342
1388 506 1970 0 96 191 343
1389 186 1704 0 50 168 344
1393 190 1592 0 52 186 345
1398 49 1510 1 77 11 346
1401 142 1703 0 57 185 347
1401 146 1864 1 71 9 348
1407 33 1724 1 96 195 349
1409 2 1414 1 146 165 350
1411 443 1931 1 70 12 351
1414 110 1534 1 35 157 352
1416 9 1498 0 67 10 353
1419 86 1543 0 55 162 354
1419 113 1940 0 87 198 355
1421 87 1774 1 10 164 356
1424 143 1770 1 39 155 357
1440 4 1501 0 121 184 358
1473 72 1900 0 29 159 359
1476 54 1545 1 34 155 360
1486 195 1904 1 74 186 361
1490 107 1789 0 98 196 362
1491 82 1770 1 60 177 363
1492 13 1855 0 38 153 364
1492 37 1767 1 35 154 365
1499 119 1753 0 92 192 366
1500 33 1590 0 49 125 367
1505 164 1814 0 96 198 368
1506 116 1762 1 52 183 369
1510 227 1955 0 54 120 370
1510 325 1996 0 140 175 371
1511 8 1561 0 13 163 372
1514 40 1929 0 59 182 373
1518 99 1874 1 67 194 374
1519 365 1898 1 71 20 375
1523 111 1779 1 12 164 376
1523 209 1997 1 63 189 377
1529 13 1725 0 8 158 378
1529 376 1909 1 115 184 379
1534 71 1787 0 67 193 380
1536 3 1987 1 77 189 381
1544 180 1757 0 55 184 382
1549 56 1777 0 53 163 383
1557 161 1744 0 33 156 384
1560 29 1697 0 89 199 385
1561 327 1979 1 109 194 386
1562 34 1988 0 109 195 387
1568 169 1903 1 31 158 388
1570 72 1765 1 58 186 389
1572 86 1741 0 120 177 390
1587 36 1687 1 95 195 391
1589 12 1669 0 109 196 392
1589 316 1962 0 66 11 393
1590 44 1906 0 88 5 394
1591 90 1808 0 93 195 395
1591 146 1834 1 35 158 396
1592 216 1863 0 46 183 397
1596 175 1849 1 53 183 398
1597 132 1736 1 37 152 399
1598 301 1920 1 160 158 400
1600 180 1846 1 74 196 401
1606 10 1918 1 155 162 402
1606 264 1892 0 47 180 403
1610 9 1632 1 67 174 404
1623 25 1818 0 51 124 405
1624 36 1696 1 100 197 406
1624 186 1941 1 13 161 407
1633 18 1907 1 57 41 408
1649 39 1794 1 59 178 409
1664 48 1876 1 4 168 410
1675 11 1761 0 46 182 411
1682 102 1809 1 28 160 412
1688 78 1888 0 47 177 413
1691 51 1868 1 52 184 414
1698 20 1788 0 60 170 415
1698 29 1801 0 101 197 416
1703 105 1858 1 60 12 417
1703 220 1981 1 12 166 418
1705 16 1731 1 64 126 419
1708 22 1758 0 42 155 420
1708 39 1989 0 64 192 421
1708 66 1864 1 58 188 422
1709 70 1955 1 59 10 423
1710 10 1725 1 48 148 424
1716 35 1758 1 63 188 425
1716 226 1960 0 90 191 426
1718 185 1970 0 150 164 427
1719 194 1953 0 38 145 428
1723 30 1762 1 60 188 429
1728 3 1735 1 2 167 430
1728 134 1897 1 79 197 431
1732 74 1912 0 138 129 432
1738 67 1891 1 83 188 433
1738 133 1951 1 48 176 434
1739 120 1956 1 146 166 435
1741 131 1980 1 61 188 436
1751 68 1840 0 68 17 437
1754 115 1974 0 31 163 438
1765 86 1925 0 64 189 439
1770 19 1868 1 31 153 440
1773 3 1815 1 73 186 441
1774 2 1794 0 47 124 442
1783 66 1898 1 56 120 443
1786 21 1864 0 47 156 444
1788 103 1895 0 62 16 445
1791 4 1920 0 47 125 446
1793 23 1858 0 133 178 447
1798 17 1913 0 70 11 448
1800 19 1830 0 104 191 449
1800 37 1848 1 39 181 450
1800 109 1924 0 64 122 451
1802 7 1812 1 93 198 452
1805 5 1844 0 2 170 453
1806 73 1947 0 53 186 454
1813 60 1903 1 150 163 455
1819 105 1951 0 121 153 456
1820 4 1848 1 58 183 457
1824 39 1949 1 75 182 458
1827 17 1890 1 65 176 459
1828 20 1965 1 112 192 460
1833 4 1945 1 68 186 461
1837 50 1929 0 58 184 462
1841 101 1998 1 41 164 463
1843 124 1977 0 55 186 464
1853 15 1892 1 14 168 465
1853 37 1898 0 59 187 466
1856 27 1902 0 70 10 467
1856 34 1900 1 123 185 468
1862 45 1943 1 68 10 469
1863 12 1947 0 125 174 470
1864 104 1984 0 49 178 471
1869 26 1958 1 103 195 472
1872 66 1945 0 57 7 473
1872 89 1967 1 59 189 474
1874 25 1906 1 71 14 475
1877 4 1883 1 3 169 476
1883 2 1902 0 52 185 477
1885 38 1963 0 43 177 478
1886 44 1989 0 50 124 479
1889 64 1982 1 117 187 480
1895 1 1913 0 117 172 481
1897 38 1963 1 163 159 482
1900 4 1960 0 54 186 483
1900 18 1939 1 58 8 484
1900 58 1972 0 1 170 485
1904 2 1957 0 64 190 486
1907 15 1927 1 34 133 487
1915 19 1977 0 42 158 488
1917 28 1967 1 57 180 489
1919 1 1927 1 51 176 490
1924 2 1929 1 95 196 491
1929 20 1956 0 93 188 492
1937 9 1963 1 81 197 493
1939 1 1943 0 34 149 494
1949 1 1979 0 65 10 495
1949 16 1991 1 53 149 496
1954 2 1965 0 62 113 497
1965 2 1980 0 105 194 498
1967 2 1971 1 71 15 499
1990 3 1998 0 46 168 500
