50
133 172
116 149
133 106
127 170
130 169
103 152
106 166
143 170
155 149
122 169
155 104
105 151
171 157
113 143
111 147
119 100
152 144
124 111
131 100
128 137
152 152
113 166
163 158
106 153
161 135
161 160
112 139
144 171
183 153
113 106
136 162
138 162
168 115
181 129
137 169
143 165
158 159
161 148
110 141
132 149
151 103
143 96
100 154
107 157
107 166
183 128
107 164
174 139
120 167
113 163
0 9 13 0 96 197 1
0 36 41 0 33 156 2
0 38 43 0 34 155 3
0 53 59 0 94 198 4
0 107 116 0 96 197 5
0 118 128 1 96 197 6
0 119 129 0 112 193 7
0 127 137 0 96 197 8
0 127 171 1 96 197 9
0 140 151 0 95 197 10
0 148 159 1 96 197 11
0 156 168 0 69 10 12
0 183 196 0 101 196 13
0 189 202 1 97 197 14
0 190 203 0 101 196 15
0 203 217 0 101 197 16
0 242 258 0 68 10 17
0 290 309 0 67 174 18
0 308 328 1 117 190 19
0 327 348 0 95 198 20
0 330 351 0 94 198 21
0 371 394 0 93 198 22
0 373 396 0 69 11 23
0 386 410 1 94 197 24
0 390 414 0 33 158 25
0 412 437 0 70 11 26
0 423 449 0 95 197 27
0 433 459 0 96 197 28
0 453 480 0 96 198 29
0 455 482 0 98 197 30
0 476 505 0 96 196 31
0 477 506 0 69 10 32
0 490 519 1 96 196 33
0 494 523 0 70 11 34
0 500 530 1 69 10 35
0 511 541 0 96 197 36
0 520 551 1 70 10 37
0 521 552 0 96 198 38
0 542 574 1 96 197 39
0 543 575 1 69 11 40
0 546 578 1 98 196 41
0 603 638 1 96 197 42
0 603 638 1 100 196 43
0 604 639 0 95 197 44
0 615 651 1 136 177 45
0 650 688 1 95 190 46
0 675 714 1 100 197 47
0 748 791 0 96 195 48
0 766 810 0 96 197 49
0 837 884 1 69 11 50
0 841 889 0 96 197 51
0 851 899 0 69 11 52
0 852 900 1 69 10 53
0 881 1140 1 96 196 54
0 914 966 0 97 196 55
0 944 1446 0 103 196 56
0 955 1009 0 63 190 57
0 979 1034 0 96 197 58
0 988 1043 1 100 196 59
0 1009 1066 1 31 161 60
0 1035 1093 1 92 199 61
0 1065 1124 0 94 196 62
0 1102 1358 1 96 197 63
0 1112 1174 0 68 11 64
0 1133 1196 0 96 197 65
0 1145 1209 0 135 177 66
0 1175 1240 0 68 11 67
0 1186 1252 0 101 197 68
0 1195 1261 0 95 197 69
0 1195 1261 0 110 196 70
0 1229 1297 1 102 197 71
0 1236 1305 1 102 196 72
0 1262 1332 0 92 198 73
0 1277 1348 1 96 196 74
0 1325 1398 1 93 199 75
0 1341 1415 0 96 197 76
0 1363 1438 0 69 11 77
0 1363 1438 1 92 198 78
0 1382 1458 0 97 197 79
0 1384 1460 1 101 197 80
0 1391 1468 0 68 11 81
0 1396 1473 0 95 196 82
0 1444 1523 0 2 167 83
0 1484 1814 0 69 11 84
0 1492 1574 0 74 186 85
0 1530 1614 0 96 195 86
0 1540 1624 0 68 11 87
0 1559 1644 0 96 197 88
0 1572 1658 0 95 197 89
0 1591 1678 0 70 10 90
0 1591 1678 0 96 196 91
0 1597 1685 0 78 190 92
0 1600 1688 0 96 198 93
0 1601 1689 0 69 11 94
0 1611 1699 1 57 188 95
0 1638 1728 0 70 11 96
0 1645 1735 1 63 190 97
0 1650 1740 1 146 165 98
0 1654 1744 1 67 10 99
0 1696 1789 0 97 196 100
0 1700 1793 0 95 197 101
0 1708 1801 0 96 197 102
0 1710 1803 1 93 198 103
0 1715 1809 1 102 197 104
0 1720 1814 0 68 10 105
0 1741 1836 1 97 197 106
0 1746 1841 1 96 198 107
0 1778 1875 0 96 196 108
0 1779 1876 0 99 196 109
0 1781 1878 1 69 11 110
0 1782 1879 0 93 198 111
0 1786 1883 0 96 197 112
0 1793 1891 0 97 196 113
0 1794 1892 0 71 10 114
0 1799 1897 0 51 124 115
0 1840 1940 0 101 197 116
0 1871 1973 0 69 11 117
0 1881 1983 0 93 197 118
0 1886 1989 1 96 197 119
0 1887 1990 0 96 197 120
21 79 851 1 68 11 121
26 200 1875 0 68 11 122
37 69 1573 1 67 11 123
39 57 1532 0 69 10 124
39 69 1020 1 70 11 125
42 10 615 1 69 11 126
72 3 894 1 70 10 127
84 62 1111 0 69 10 128
91 1 738 1 69 11 129
91 15 1634 1 69 10 130
95 133 1360 1 68 10 131
97 5 208 0 69 11 132
107 16 1700 1 69 10 133
111 31 997 0 70 10 134
127 2 685 1 69 11 135
135 47 1184 1 68 11 136
138 507 1306 1 68 10 137
144 23 846 1 70 10 138
151 80 887 1 68 10 139
152 49 1057 0 69 10 140
161 55 508 0 69 10 141
163 251 1042 0 69 11 142
174 9 866 1 51 124 143
178 567 1249 1 51 124 144
179 31 830 1 51 124 145
186 467 1589 1 51 125 146
192 7 448 1 51 124 147
192 50 1503 1 51 125 148
195 246 1999 1 51 125 149
197 34 473 1 52 125 150
197 184 793 1 51 125 151
205 45 1292 1 51 125 152
208 4 289 1 51 124 153
208 55 1443 1 51 125 154
208 57 270 1 51 125 155
225 31 564 1 51 125 156
226 1 502 1 51 125 157
229 154 1577 0 51 124 158
229 175 1714 0 49 126 159
229 841 1927 0 53 127 160
239 644 1354 0 54 126 161
241 6 262 0 51 124 162
260 1 624 1 52 125 163
274 19 991 1 50 124 164
274 27 1949 1 34 133 165
277 1 290 1 52 111 166
280 1 285 1 51 124 167
285 1 1993 1 53 124 168
286 99 1769 0 52 125 169
291 295 1049 0 52 111 170
304 176 1329 0 52 125 171
309 70 604 0 51 124 172
316 1 833 1 51 124 173
344 19 1817 1 51 124 174
350 103 735 1 51 124 175
351 276 1825 1 51 125 176
355 164 1218 0 51 125 177
356 76 1076 1 51 125 178
364 5 470 1 52 125 179
372 46 755 1 51 125 180
375 21 457 1 52 125 181
375 333 913 0 50 124 182
376 147 575 0 53 126 183
385 89 1286 1 50 125 184
405 8 1652 1 51 125 185
405 753 1201 0 53 134 186
405 820 1272 0 49 124 187
416 151 1095 1 50 124 188
419 551 1337 0 53 125 189
425 75 871 0 54 121 190
426 12 640 1 52 125 191
426 78 1146 1 52 124 192
429 1 1590 1 51 125 193
429 8 1026 1 51 125 194
430 1 1823 0 72 196 195
430 76 1568 1 67 10 196
432 14 711 1 70 10 197
440 53 1484 1 61 10 198
445 81 1604 0 63 11 199
445 183 1781 1 36 154 200
446 71 964 1 67 10 201
446 161 1938 1 63 190 202
446 313 1403 1 65 10 203
448 90 1682 0 61 9 204
450 935 1524 0 70 10 205
462 90 590 0 68 10 206
462 1293 1827 0 69 11 207
468 1 949 0 69 11 208
471 98 650 1 68 11 209
472 35 1304 1 69 10 210
474 342 1311 0 140 24 211
479 46 1579 1 65 11 212
482 35 1060 1 96 197 213
488 328 1701 1 130 172 214
490 9 1791 1 150 164 215
491 11 666 1 99 196 216
492 15 649 0 97 196 217
496 126 777 1 96 196 218
503 1 1468 0 58 185 219
505 241 761 0 33 155 220
520 48 1072 1 64 188 221
528 20 740 0 57 186 222
530 84 1286 1 57 187 223
532 4 1546 1 57 187 224
539 123 1141 1 58 187 225
545 275 1419 1 57 187 226
548 40 935 1 57 187 227
549 951 1998 1 57 187 228
561 60 1730 1 52 180 229
562 42 1136 1 93 199 230
563 16 1810 1 33 156 231
565 89 1565 0 34 157 232
567 1 1306 0 101 197 233
567 127 1050 1 96 197 234
570 100 1418 0 97 197 235
577 224 1793 0 31 157 236
580 1 1930 0 33 157 237
581 86 1926 1 32 156 238
594 58 796 1 33 156 239
614 21 1272 1 33 156 240
617 126 1751 1 33 156 241
619 1 1383 1 34 155 242
622 80 1461 1 33 157 243
635 12 1860 1 33 157 244
636 3 709 1 63 21 245
639 3 687 1 33 156 246
640 252 1444 1 33 156 247
640 321 1988 1 34 157 248
642 85 1039 1 33 156 249
644 12 1811 1 32 158 250
648 179 1730 1 33 157 251
652 66 1802 0 33 156 252
652 85 1246 0 33 156 253
654 408 1087 1 33 156 254
663 1 1457 1 33 157 255
665 50 1790 1 61 189 256
668 38 754 1 57 187 257
668 40 1707 0 55 162 258
668 109 1676 1 68 169 259
669 134 1006 1 57 187 260
672 110 1087 1 96 197 261
684 16 959 1 51 125 262
690 23 1207 1 68 11 263
692 36 1090 0 50 185 264
693 158 1824 1 35 151 265
695 1 1543 1 87 198 266
696 1 1526 1 58 186 267
696 54 858 1 57 188 268
700 164 1040 1 88 198 269
702 166 1293 1 57 187 270
702 212 1379 1 57 186 271
705 19 808 0 57 187 272
708 56 1409 1 57 186 273
712 22 942 0 57 187 274
714 23 1022 1 60 188 275
714 91 1634 1 58 187 276
714 159 1639 1 34 154 277
715 22 1695 0 32 159 278
715 534 1392 0 32 157 279
719 9 736 1 33 156 280
720 216 1208 1 105 194 281
728 919 1697 1 33 157 282
728 937 1716 1 69 11 283
729 701 1899 1 12 163 284
736 106 1445 1 79 196 285
736 130 1604 1 118 188 286
744 29 1000 1 34 157 287
744 140 1443 1 33 154 288
749 3 1491 1 33 157 289
758 570 1359 0 34 156 290
759 81 1585 1 33 156 291
768 154 1686 1 33 156 292
776 8 1377 1 33 157 293
777 1 1294 1 57 186 294
777 196 1728 1 35 154 295
780 33 1027 1 91 193 296
781 27 967 0 70 10 297
791 46 1891 0 58 183 298
793 1 994 0 31 153 299
793 22 1134 1 33 157 300
794 32 1114 0 88 199 301
796 39 1558 0 97 197 302
800 31 1065 0 97 196 303
809 28 1128 0 58 187 304
822 112 1926 0 57 188 305
827 34 1532 0 57 188 306
840 17 1130 0 58 185 307
843 19 1298 0 52 125 308
848 25 1481 0 52 125 309
851 333 1338 0 51 125 310
854 183 1048 0 51 125 311
859 706 1610 0 52 125 312
875 90 1786 0 51 124 313
878 48 1944 0 51 124 314
881 3 891 0 51 124 315
885 2 1471 0 51 124 316
885 312 1565 0 51 125 317
889 20 1656 0 51 124 318
900 54 983 0 51 124 319
903 471 1630 0 52 124 320
905 1 985 0 51 124 321
911 16 1528 0 50 124 322
917 995 1966 0 50 124 323
918 10 1019 0 51 124 324
927 121 1607 0 50 124 325
928 2 1248 0 50 124 326
934 29 1170 0 97 196 327
935 26 1099 0 97 197 328
937 91 1406 0 97 196 329
938 42 1311 0 33 157 330
938 251 1204 0 33 157 331
946 116 1392 0 33 157 332
952 30 1200 0 33 157 333
954 1 1420 0 34 157 334
954 8 1054 0 33 157 335
962 7 1201 0 33 157 336
966 31 1059 0 34 157 337
973 27 1371 0 33 156 338
990 14 1147 0 33 157 339
1017 7 1102 0 35 158 340
1018 10 1122 0 32 157 341
1020 198 1754 0 33 157 342
1021 14 1187 0 33 157 343
1021 26 1237 0 33 157 344
1044 462 1636 0 33 157 345
1049 5 1134 0 33 157 346
1049 23 1208 0 34 157 347
1050 1 1218 0 33 157 348
1051 2 1159 0 32 157 349
1051 59 1388 0 33 157 350
1060 49 1625 0 32 157 351
1077 83 1573 0 33 157 352
1085 23 1790 0 33 157 353
1085 317 1452 0 32 157 354
1085 388 1561 0 36 155 355
1093 55 1601 0 33 156 356
1108 4 1633 0 33 157 357
1115 42 1487 0 33 157 358
1129 33 1564 0 33 156 359
1133 8 1188 0 33 157 360
1139 65 1252 0 33 157 361
1139 67 1793 0 33 157 362
1143 52 1365 0 32 157 363
1153 97 1680 0 33 157 364
1160 81 1815 0 33 157 365
1160 181 1517 0 32 158 366
1163 448 1636 0 33 157 367
1171 24 1742 0 32 157 368
1174 45 1589 0 32 158 369
1177 20 1262 0 70 10 370
1178 2 1219 0 69 10 371
1185 1 1195 0 34 157 372
1185 57 1960 0 34 156 373
1189 188 1469 0 48 177 374
1228 367 1617 0 147 165 375
1228 720 1988 0 63 190 376
1238 224 1831 0 57 186 377
1243 14 1547 0 58 186 378
1249 585 1997 0 57 187 379
1251 175 1866 0 33 156 380
1251 298 1695 0 33 156 381
1258 4 1858 0 41 159 382
1263 1 1277 0 43 166 383
1263 5 1358 0 1 168 384
1264 561 1857 0 123 185 385
1265 53 1802 0 188 86 386
1269 83 1828 0 40 153 387
1269 137 1440 0 57 187 388
1270 31 1336 0 89 199 389
1271 571 1874 0 33 158 390
1272 21 1503 0 57 187 391
1274 184 1753 0 31 158 392
1314 25 1668 0 33 158 393
1320 153 1956 0 140 175 394
1326 202 1999 0 51 124 395
1352 21 1557 0 96 196 396
1355 1 1564 0 57 187 397
1355 6 1383 0 70 162 398
1365 116 1887 0 57 187 399
1371 2 1429 0 81 172 400
1388 1 1924 0 57 187 401
1395 69 1513 0 33 156 402
1398 14 1452 0 32 155 403
1404 104 1589 0 58 187 404
1417 9 1458 0 33 158 405
1418 25 1764 0 62 119 406
1420 43 1741 0 34 156 407
1433 18 1940 0 31 157 408
1435 363 1997 0 33 156 409
1436 21 1701 0 33 156 410
1440 21 1596 0 34 156 411
1451 31 1782 0 34 156 412
1457 13 1542 0 34 154 413
1464 58 1707 0 79 197 414
1466 22 1596 0 59 185 415
1477 1 1501 0 52 186 416
1477 327 1824 0 60 188 417
1478 17 1841 0 59 185 418
1483 1 1690 0 53 185 419
1483 146 1643 0 60 189 420
1485 9 1658 0 77 189 421
1485 101 1789 0 60 189 422
1495 10 1599 0 60 189 423
1503 18 1775 0 65 10 424
1505 4 1582 0 88 5 425
1511 43 1662 0 88 4 426
1514 6 1629 0 69 10 427
1514 8 1700 0 70 10 428
1516 128 1995 0 188 86 429
1519 4 1555 0 188 86 430
1528 4 1618 0 189 86 431
1531 1 1785 0 49 177 432
1532 8 1643 0 49 177 433
1544 1 1802 0 2 168 434
1546 61 1808 0 84 181 435
1548 1 1725 0 96 196 436
1548 2 1584 0 93 199 437
1549 26 1707 0 57 188 438
1556 16 1899 0 71 12 439
1556 90 1701 0 57 188 440
1557 1 1652 0 33 157 441
1563 84 1833 0 92 199 442
1569 40 1846 0 58 188 443
1575 9 1811 0 59 187 444
1576 12 1886 0 58 187 445
1581 5 1634 0 90 199 446
1584 19 1749 0 57 187 447
1588 105 1749 0 58 186 448
1594 36 1892 0 57 187 449
1597 99 1727 0 64 189 450
1617 272 1907 0 57 188 451
1625 26 1882 0 57 187 452
1628 25 1842 0 57 188 453
1631 183 1825 0 63 190 454
1637 78 1824 0 51 124 455
1639 296 1953 0 51 124 456
1641 8 1711 0 50 124 457
1647 16 1840 0 2 168 458
1648 13 1680 0 11 167 459
1649 13 1683 0 58 188 460
1649 55 1805 0 34 156 461
1649 130 1943 0 57 188 462
1657 126 1803 0 57 187 463
1658 9 1979 0 57 188 464
1660 15 1755 0 57 188 465
1667 1 1678 0 57 188 466
1667 7 1972 0 63 190 467
1671 23 1892 0 57 187 468
1672 7 1844 0 59 188 469
1672 13 1954 0 59 188 470
1676 1 1843 0 57 188 471
1681 31 1913 0 58 188 472
1681 39 1747 0 58 188 473
1696 17 1939 0 53 185 474
1719 9 1923 0 63 190 475
1720 8 2000 0 58 186 476
1723 11 1792 0 55 162 477
1737 1 1947 0 57 186 478
1739 1 1900 0 64 189 479
1740 13 1986 0 70 195 480
1751 26 1980 0 60 177 481
1792 20 1988 0 57 186 482
1799 8 1892 0 56 185 483
1809 10 1888 0 60 186 484
1817 16 1885 0 96 197 485
1820 17 1982 0 58 185 486
1821 1 1881 0 62 189 487
1826 7 1835 0 58 186 488
1830 8 1898 0 60 189 489
1835 2 1902 0 57 186 490
1855 2 1871 0 60 189 491
1858 2 1896 0 58 188 492
1861 1 1941 0 57 187 493
1863 9 1937 0 63 190 494
1882 88 1986 0 57 187 495
1883 13 1949 0 62 189 496
1887 6 1932 0 58 186 497
1889 1 1933 0 33 158 498
1897 1 1909 1 31 157 499
1898 6 1920 0 34 155 500
