50
133 172
116 149
133 106
127 170
130 169
103 152
106 166
143 170
155 149
122 169
155 104
105 151
171 157
113 143
111 147
119 100
152 144
124 111
131 100
128 137
152 152
113 166
163 158
106 153
161 135
161 160
112 139
144 171
183 153
113 106
136 162
138 162
168 115
181 129
137 169
143 165
158 159
161 148
110 141
132 149
151 103
143 96
100 154
107 157
107 166
183 128
107 164
174 139
120 167
113 163
0 85 93 0 95 197 1
0 87 95 0 69 10 2
0 89 97 0 96 197 3
0 161 173 0 101 197 4
0 175 188 0 95 197 5
0 179 192 0 94 196 6
0 195 209 0 2 167 7
0 214 229 1 97 197 8
0 221 236 0 97 196 9
0 244 260 1 94 197 10
0 245 261 0 95 196 11
0 280 298 0 69 10 12
0 293 312 0 68 11 13
0 303 322 0 69 11 14
0 323 343 0 70 11 15
0 349 465 1 96 197 16
0 360 382 0 96 197 17
0 393 510 1 96 196 18
0 403 428 1 92 199 19
0 412 437 0 96 198 20
0 420 446 1 102 197 21
0 437 463 1 69 10 22
0 460 488 0 68 10 23
0 471 499 0 96 197 24
0 502 532 1 31 161 25
0 508 538 0 96 196 26
0 510 540 0 68 11 27
0 536 662 1 96 197 28
0 576 610 0 96 197 29
0 577 611 1 96 197 30
0 583 617 0 92 198 31
0 587 621 1 96 196 32
0 602 637 1 63 190 33
0 606 641 1 67 10 34
0 611 937 0 103 196 35
0 615 651 0 96 195 36
0 624 660 0 97 197 37
0 626 662 0 96 197 38
0 631 668 1 69 10 39
0 633 670 0 70 10 40
0 680 719 0 96 197 41
0 691 731 0 71 10 42
0 704 744 1 100 197 43
0 722 763 1 69 11 44
0 728 770 0 96 197 45
0 730 772 1 70 10 46
0 783 828 0 94 198 47
0 820 1004 0 69 11 48
0 824 871 1 92 198 49
0 827 874 0 96 196 50
0 828 875 0 93 198 51
0 833 880 1 96 197 52
0 842 890 1 96 197 53
0 853 901 0 67 174 54
0 921 973 0 33 158 55
0 932 984 0 74 186 56
0 948 1001 0 98 197 57
0 949 1002 0 68 11 58
0 951 1004 0 93 198 59
0 992 1048 1 97 197 60
0 1010 1067 0 96 196 61
0 1030 1088 0 96 197 62
0 1033 1091 1 96 196 63
0 1101 1162 0 96 198 64
0 1118 1180 1 69 11 65
0 1121 1183 0 69 11 66
0 1134 1197 0 97 196 67
0 1164 1229 0 68 10 68
0 1174 1239 0 101 196 69
0 1177 1242 0 95 197 70
0 1187 1253 0 99 196 71
0 1217 1285 1 93 198 72
0 1232 1300 0 95 197 73
0 1239 1308 0 97 196 74
0 1245 1314 0 96 197 75
0 1247 1316 1 93 199 76
0 1247 1316 1 101 197 77
0 1253 1322 1 146 165 78
0 1255 1325 0 135 177 79
0 1256 1326 1 96 197 80
0 1312 1384 0 70 11 81
0 1352 1427 1 96 198 82
0 1365 1440 1 98 196 83
0 1373 1449 0 33 156 84
0 1384 1460 0 112 193 85
0 1388 1464 0 70 11 86
0 1405 1482 1 95 190 87
0 1440 1519 0 101 197 88
0 1469 1550 1 102 197 89
0 1481 1562 1 136 177 90
0 1494 1576 0 96 195 91
0 1501 1583 1 96 197 92
0 1514 1597 0 69 11 93
0 1524 1608 0 110 196 94
0 1525 1609 0 96 197 95
0 1559 1645 0 101 196 96
0 1566 1652 0 96 197 97
0 1568 1654 0 68 11 98
0 1580 1667 0 96 198 99
0 1581 1668 0 96 197 100
0 1585 1672 0 96 197 101
0 1601 1689 1 57 188 102
0 1606 1694 0 34 155 103
0 1608 1696 0 93 197 104
0 1626 1715 0 95 198 105
0 1637 1727 0 51 124 106
0 1654 1744 0 69 11 107
0 1655 1746 0 96 197 108
0 1686 1778 0 94 198 109
0 1691 1783 1 117 190 110
0 1694 1787 1 100 196 111
0 1726 1820 0 78 190 112
0 1790 1888 1 100 196 113
0 1813 1912 0 69 11 114
0 1815 1914 1 102 196 115
0 1854 1955 0 63 190 116
0 1877 1979 1 69 11 117
0 1883 1986 0 95 197 118
0 1892 1995 0 95 197 119
0 1895 1998 0 101 197 120
21 3 52 1 68 11 121
26 209 1962 0 68 11 122
37 41 958 1 67 11 123
39 13 372 0 69 10 124
39 30 460 1 70 11 125
42 20 1276 1 69 11 126
72 3 843 1 70 10 127
84 71 1257 0 69 10 128
91 1 1953 1 69 11 129
91 13 1445 1 69 10 130
95 167 1689 1 68 10 131
97 43 1118 0 69 11 132
107 2 248 1 69 10 133
111 38 1196 0 70 10 134
127 1 258 1 69 11 135
135 16 483 1 68 11 136
138 764 1896 1 68 10 137
144 57 1915 1 70 10 138
151 22 353 1 68 10 139
152 12 363 0 69 10 140
161 3 180 0 69 10 141
163 301 1216 0 69 11 142
174 3 407 1 51 124 143
178 847 1777 1 51 124 144
179 13 442 1 51 124 145
186 598 1981 1 51 125 146
192 3 270 1 51 125 147
192 3 309 1 51 124 148
195 21 347 1 51 125 149
197 110 1105 1 52 125 150
197 368 1391 1 51 125 151
205 60 1657 1 51 125 152
208 64 1632 1 51 125 153
208 68 1539 1 51 124 154
208 1681 1980 1 51 125 155
225 109 1404 1 51 125 156
226 1 1505 1 51 125 157
229 31 493 0 49 126 158
229 44 612 0 51 124 159
229 280 796 0 53 127 160
239 135 474 0 54 126 161
241 293 1235 0 51 124 162
260 1 1879 1 52 125 163
274 28 1988 1 34 133 164
274 40 1827 1 50 124 165
277 59 1295 1 52 111 166
280 93 1893 1 51 124 167
285 1 1319 1 53 124 168
286 39 865 0 52 125 169
291 600 1830 0 52 111 170
304 258 1805 0 52 125 171
309 18 385 0 51 124 172
316 1 812 1 51 124 173
344 7 856 1 51 124 174
350 4 366 1 51 124 175
351 81 787 1 51 125 176
355 70 721 0 51 125 177
356 145 1734 1 51 125 178
364 16 691 1 52 125 179
372 22 552 1 51 125 180
375 343 1692 1 52 125 181
375 943 1893 0 50 124 182
376 186 626 0 53 126 183
385 55 938 1 50 125 184
405 6 1352 1 51 125 185
405 1044 1507 0 53 134 186
405 1068 1533 0 49 124 187
416 32 561 1 50 124 188
419 187 731 0 53 125 189
425 133 1214 0 54 121 190
426 11 620 1 52 125 191
426 113 1472 1 52 124 192
429 1 1837 1 51 125 193
429 15 1579 1 51 125 194
430 1 556 0 72 196 195
430 86 1707 1 67 10 196
432 63 1675 1 70 10 197
440 28 985 1 61 10 198
445 85 1650 0 63 11 199
445 208 1967 1 36 154 200
446 117 804 1 65 10 201
446 122 1572 1 63 190 202
446 183 1783 1 67 10 203
448 8 551 0 61 9 204
450 190 671 0 70 10 205
462 538 1214 0 68 10 206
462 761 1266 0 69 11 207
468 1 1279 0 69 11 208
471 840 1977 1 68 11 209
472 60 1925 1 69 10 210
474 470 1623 0 140 24 211
479 32 1234 1 65 11 212
482 56 1407 1 96 197 213
488 288 1556 1 130 172 214
490 1 513 1 150 164 215
491 68 1559 1 99 196 216
492 95 1525 0 97 196 217
496 121 766 1 96 196 218
503 1 675 0 58 185 219
505 1191 1761 0 49 124 220
520 120 1914 1 33 155 221
528 49 1041 0 64 188 222
530 154 1916 1 57 186 223
532 4 1636 1 57 187 224
539 83 949 1 57 187 225
545 17 600 1 58 187 226
548 48 1022 1 57 187 227
549 437 1217 1 57 187 228
561 8 717 1 57 187 229
562 90 1784 1 52 180 230
563 8 1120 1 93 199 231
565 21 804 0 33 156 232
567 1 1584 0 34 157 233
567 44 735 1 101 197 234
570 54 1026 0 96 197 235
577 80 1011 0 97 197 236
580 1 1944 0 31 157 237
581 11 748 1 33 157 238
594 15 647 1 32 156 239
614 11 940 1 33 156 240
617 153 1992 1 33 156 241
619 1 1181 1 33 156 242
622 19 819 1 34 155 243
635 12 1869 1 33 157 244
636 21 1281 1 33 157 245
639 80 1837 1 63 21 246
640 37 759 1 33 156 247
640 93 1033 1 33 156 248
642 186 1505 1 34 157 249
644 9 1582 1 33 156 250
648 193 1819 1 32 158 251
652 24 1068 0 33 157 252
652 63 1090 0 33 156 253
654 759 1456 1 33 156 254
663 1 1571 1 33 156 255
665 12 933 1 33 157 256
668 22 870 1 61 189 257
668 24 1280 0 57 187 258
668 513 1822 1 68 169 259
669 405 1684 1 55 162 260
672 137 1188 1 57 187 261
684 21 1048 1 96 197 262
690 20 1133 1 51 125 263
692 27 994 1 68 11 264
693 80 1266 1 50 185 265
695 1 1430 1 35 151 266
696 1 1335 1 57 188 267
696 224 1358 1 87 198 268
700 154 1018 1 58 186 269
702 97 1046 1 57 186 270
702 191 1312 1 88 198 271
705 164 1598 1 57 187 272
708 63 1505 1 57 187 273
712 67 1412 1 57 186 274
714 31 1032 1 57 187 275
714 63 1576 1 34 154 276
714 200 1881 1 58 187 277
715 18 1517 1 32 157 278
715 278 1069 1 60 188 279
719 58 820 1 32 159 280
720 276 1344 1 33 156 281
728 380 1129 1 69 11 282
728 915 1693 1 105 194 283
729 648 1811 1 33 157 284
736 9 797 1 12 163 285
736 72 1219 1 118 188 286
744 52 1197 1 33 154 287
744 83 1160 1 79 196 288
749 2 1136 1 34 157 289
758 953 1763 1 33 157 290
759 62 1391 1 34 156 291
768 146 1638 1 33 156 292
776 1 790 1 33 156 293
777 1 950 1 35 154 294
777 247 1975 1 33 157 295
780 104 1558 1 57 186 296
781 77 1316 1 91 193 297
791 3 859 1 70 10 298
793 1 852 1 33 157 299
793 51 1592 1 58 183 300
794 112 1923 1 31 153 301
796 33 1430 1 88 199 302
800 104 1685 1 97 197 303
809 100 1971 1 97 196 304
822 32 1134 1 58 187 305
827 56 1996 1 57 188 306
840 53 1761 1 57 188 307
843 10 1066 1 58 185 308
848 30 1629 1 52 125 309
851 275 1253 1 52 125 310
854 687 1579 1 51 125 311
859 925 1842 1 51 125 312
875 83 1713 1 52 125 313
878 6 1011 1 51 124 314
881 221 1740 1 51 124 315
885 1 910 1 51 124 316
885 333 1610 1 51 124 317
889 12 1337 1 51 125 318
900 184 1175 1 51 124 319
903 632 1876 1 51 124 320
905 6 1841 1 52 124 321
911 12 1365 1 51 124 322
917 885 1850 1 50 124 323
918 30 1218 1 50 124 324
927 31 1102 1 51 124 325
928 2 1399 1 50 124 326
934 82 1593 1 50 124 327
935 102 1591 1 97 196 328
937 32 1101 1 97 197 329
938 32 1223 1 33 157 330
938 207 1157 1 97 196 331
946 221 1796 1 33 157 332
952 22 1137 1 33 157 333
954 1 1778 1 33 157 334
954 33 1397 1 33 157 335
962 9 1275 1 34 157 336
966 155 1425 1 33 157 337
973 28 1389 1 34 157 338
990 43 1475 1 33 156 339
1017 33 1447 1 33 157 340
1018 21 1248 1 35 158 341
1020 217 1827 1 32 157 342
1021 32 1394 1 33 157 343
1021 99 1840 1 33 157 344
1044 639 1862 1 33 157 345
1049 14 1318 1 34 157 346
1049 71 1532 1 33 157 347
1050 1 1465 1 33 157 348
1051 9 1578 1 33 157 349
1051 85 1537 1 33 157 350
1060 22 1311 1 32 157 351
1077 42 1327 1 32 157 352
1085 19 1677 1 33 157 353
1085 374 1545 1 32 157 354
1085 447 1602 1 33 157 355
1093 76 1794 1 36 155 356
1108 6 1928 1 33 156 357
1115 83 1857 1 33 157 358
1129 44 1702 1 33 157 359
1133 87 1726 1 33 156 360
1139 3 1164 1 33 157 361
1139 428 1872 1 33 157 362
1143 188 1935 1 32 157 363
1153 115 1777 1 33 157 364
1160 4 1193 1 33 157 365
1160 369 1887 1 32 158 366
1163 358 1541 1 33 157 367
1171 14 1497 1 32 157 368
1174 78 1894 1 32 158 369
1177 168 1894 1 70 10 370
1178 2 1244 1 69 10 371
1185 28 1567 1 34 156 372
1185 61 1770 1 34 157 373
1189 392 1771 1 48 177 374
1228 163 1402 1 147 165 375
1228 647 1911 1 63 190 376
1238 75 1436 1 57 186 377
1243 30 1907 1 58 186 378
1249 300 1634 1 82 13 379
1251 35 1375 1 33 156 380
1251 382 1818 1 57 187 381
1258 3 1699 1 33 156 382
1263 2 1355 1 41 159 383
1263 37 1952 1 43 166 384
1264 320 1603 1 1 168 385
1265 5 1308 1 123 185 386
1269 48 1588 1 188 86 387
1269 306 1646 1 40 153 388
1270 336 1967 1 57 187 389
1271 176 1458 1 89 199 390
1272 41 1715 1 33 158 391
1274 129 1609 1 57 187 392
1314 25 1674 1 31 158 393
1320 116 1804 1 33 158 394
1326 50 1493 1 140 175 395
1352 51 1855 1 51 124 396
1355 2 1936 1 96 196 397
1355 122 1975 1 57 187 398
1365 113 1877 1 70 162 399
1371 4 1553 1 57 187 400
1388 1 1658 1 81 172 401
1395 296 1891 1 57 187 402
1398 96 1745 1 33 156 403
1404 192 1743 1 32 155 404
1417 96 1826 1 58 187 405
1418 28 1809 1 33 158 406
1420 20 1567 1 62 119 407
1433 9 1673 1 34 156 408
1435 211 1762 1 31 157 409
1436 18 1659 1 33 156 410
1440 37 1714 1 33 156 411
1451 36 1836 1 34 156 412
1457 69 1921 1 34 156 413
1464 25 1570 1 34 154 414
1466 24 1610 1 79 197 415
1477 11 1765 1 60 188 416
1477 74 1557 1 59 185 417
1478 3 1540 1 52 186 418
1483 1 1562 1 59 185 419
1483 149 1647 1 53 185 420
1485 21 1889 1 60 189 421
1485 75 1713 1 77 189 422
1495 45 1951 1 60 189 423
1503 3 1551 1 60 189 424
1505 6 1645 1 65 10 425
1511 1 1516 1 88 5 426
1514 1 1540 1 88 4 427
1514 16 1869 1 70 10 428
1516 15 1572 1 69 10 429
1519 27 1789 1 188 86 430
1528 11 1759 1 188 86 431
1531 1 1857 1 189 86 432
1532 20 1814 1 49 177 433
1544 1 1968 1 49 177 434
1546 7 1579 1 2 168 435
1548 1 1858 1 93 199 436
1548 18 1950 1 84 181 437
1549 60 1910 1 96 196 438
1556 1 1560 1 57 188 439
1556 26 1599 1 71 12 440
1557 1 1962 1 57 188 441
1563 78 1814 1 33 157 442
1569 37 1821 1 92 199 443
1575 11 1847 1 58 188 444
1576 14 1926 1 59 187 445
1581 7 1658 1 58 187 446
1584 19 1744 1 90 199 447
1588 221 1924 1 57 187 448
1594 17 1736 1 58 186 449
1597 139 1779 1 57 187 450
1617 324 1962 1 64 189 451
1625 34 1963 1 57 188 452
1628 10 1717 1 57 187 453
1631 90 1727 1 57 188 454
1637 64 1792 1 63 190 455
1639 253 1908 1 51 124 456
1641 15 1774 1 51 124 457
1647 20 1891 1 50 124 458
1648 136 1966 1 2 168 459
1649 55 1790 1 57 188 460
1649 104 1884 1 34 156 461
1649 123 1999 1 11 167 462
1657 59 1727 1 58 188 463
1658 3 1778 1 57 187 464
1660 53 1995 1 57 188 465
1667 1 1689 1 57 188 466
1667 1 1981 1 60 188 467
1671 13 1796 1 57 188 468
1672 6 1792 1 57 187 469
1672 9 1890 1 63 190 470
1676 1 1749 1 59 188 471
1681 23 1855 1 57 188 472
1681 134 1905 1 59 188 473
1696 2 1717 1 58 188 474
1719 5 1822 1 58 188 475
1720 2 1787 1 53 185 476
1723 46 1999 1 63 190 477
1737 1 1871 1 58 186 478
1739 1 1807 1 55 162 479
1740 5 1836 1 57 186 480
1751 21 1935 1 64 189 481
1792 1 1801 1 70 195 482
1799 16 1994 1 60 177 483
1809 6 1853 1 57 186 484
1817 8 1853 1 56 185 485
1820 7 1885 1 60 186 486
1821 1 1841 1 96 197 487
1826 71 1902 1 58 185 488
1830 10 1913 1 62 189 489
1835 2 1918 1 58 186 490
1855 10 1958 1 60 189 491
1858 1 1877 1 57 186 492
1861 1 1896 1 60 189 493
1863 7 1927 1 58 188 494
1882 39 1929 1 57 187 495
1883 3 1896 1 63 190 496
1887 10 1970 1 57 187 497
1889 1 1905 1 62 189 498
1897 2 1936 1 58 186 499
1898 20 1978 0 33 158 500
