50
96 9
79 126
19 178
76 72
148 108
24 174
129 174
145 182
121 39
72 69
69 145
156 182
163 29
113 124
89 167
158 184
128 189
61 146
166 136
170 113
44 193
86 124
118 182
57 39
21 128
59 89
24 166
22 138
194 134
61 83
101 171
18 28
159 79
125 124
166 46
188 161
38 73
36 108
55 93
146 27
172 4
115 148
121 88
85 114
22 98
148 122
68 118
101 178
196 177
53 113
2 9 533 1 16 70 1
7 524 1678 0 11 6 2
7 527 1624 0 170 149 3
7 637 1975 0 163 177 4
8 78 1890 0 77 69 5
10 164 1110 1 140 48 6
13 525 1708 0 60 108 7
14 83 414 1 97 76 8
19 34 836 1 67 173 9
19 282 1019 0 22 41 10
22 33 941 0 111 90 11
26 101 1352 1 11 127 12
28 234 1770 0 12 189 13
47 23 161 1 18 42 14
49 2 145 0 132 17 15
49 94 1639 0 135 166 16
51 616 1935 0 104 128 17
52 556 1812 0 185 157 18
54 25 1395 1 144 100 19
54 406 1498 1 124 124 20
63 117 576 0 32 198 21
68 8 99 1 116 166 22
83 112 784 0 70 166 23
92 6 164 0 155 61 24
94 128 604 1 135 122 25
95 46 374 1 62 77 26
95 288 1039 0 170 67 27
98 28 1422 1 121 104 28
98 42 1317 0 14 54 29
98 260 1542 0 77 139 30
109 16 566 1 191 130 31
109 36 269 1 117 96 32
115 389 1922 1 31 126 33
117 52 1040 0 48 50 34
125 96 1445 0 72 81 35
126 137 843 1 97 38 36
134 9 315 0 166 4 37
134 28 363 0 133 151 38
135 147 1538 1 130 175 39
139 247 1544 1 8 53 40
140 43 898 0 72 47 41
140 100 470 1 4 186 42
143 11 791 1 138 37 43
159 28 256 1 21 118 44
159 549 1917 1 169 132 45
161 101 758 0 193 135 46
164 134 1553 0 163 32 47
166 1 190 1 121 60 48
169 7 278 1 143 136 49
175 72 506 1 24 92 50
175 87 476 1 171 179 51
175 103 1568 0 162 44 52
180 99 696 0 42 26 53
184 45 1973 1 85 44 54
187 209 1733 0 85 58 55
195 12 1110 0 42 92 56
196 527 1848 0 147 156 57
200 90 662 1 90 72 58
205 270 1467 0 185 14 59
210 36 553 0 140 112 60
210 54 509 1 53 94 61
211 43 367 1 69 193 62
215 47 371 1 51 27 63
224 14 816 1 198 79 64
225 89 1653 1 6 4 65
228 86 1265 0 147 15 66
229 547 1896 0 80 87 67
230 2 274 1 19 134 68
250 15 538 0 168 68 69
256 449 1944 0 97 132 70
268 189 1185 0 69 79 71
278 32 761 1 5 131 72
278 206 1472 1 108 30 73
279 43 628 1 102 124 74
280 35 761 0 27 132 75
280 48 1636 0 46 150 76
281 107 1184 0 193 180 77
282 367 1558 1 90 95 78
283 365 1712 0 154 125 79
287 110 1302 1 91 178 80
289 191 1197 0 186 103 81
290 151 1922 0 59 153 82
295 63 508 1 164 171 83
299 76 737 1 148 92 84
299 198 1344 0 88 49 85
303 123 712 0 48 92 86
305 39 1894 1 157 162 87
308 87 1953 0 94 18 88
312 357 1920 1 5 179 89
317 448 1764 1 170 14 90
320 238 1214 0 104 177 91
332 3 396 0 96 88 92
338 27 496 0 143 146 93
338 149 1215 0 96 177 94
339 324 1661 1 130 180 95
340 134 1359 1 90 192 96
343 23 490 1 123 78 97
346 238 1122 0 169 74 98
347 45 1797 0 128 54 99
348 6 507 0 197 137 100
352 227 1530 0 177 11 101
363 40 530 1 37 48 102
363 75 693 1 68 128 103
364 67 708 0 37 33 104
375 170 1670 1 59 35 105
377 70 951 0 172 26 106
380 51 1111 0 194 22 107
385 26 1295 0 117 181 108
385 89 875 1 185 166 109
392 63 1771 1 64 145 110
396 268 1641 0 37 40 111
406 90 797 1 154 153 112
413 256 1496 0 191 131 113
414 12 825 1 8 98 114
422 162 1404 0 80 28 115
422 321 1780 0 184 151 116
426 204 1284 0 29 16 117
431 51 685 0 178 136 118
436 74 759 0 55 155 119
437 12 773 0 150 8 120
438 1 447 0 135 2 121
444 181 1145 0 40 21 122
452 79 1260 1 109 117 123
455 127 891 1 154 103 124
456 19 814 1 137 101 125
465 298 1785 1 62 59 126
469 5 487 0 80 38 127
469 126 1485 0 178 55 128
473 66 808 0 16 29 129
482 22 838 0 5 42 130
482 161 1684 1 39 167 131
488 38 936 0 28 171 132
489 33 1161 1 74 168 133
490 90 1147 0 100 73 134
494 170 1360 0 117 94 135
495 37 974 1 31 144 136
500 220 1244 1 20 101 137
516 102 1226 0 114 183 138
520 45 674 1 192 6 139
523 302 1929 0 116 46 140
526 271 1580 1 169 97 141
530 107 1416 1 85 14 142
533 22 712 1 128 12 143
539 188 1276 1 141 93 144
543 63 989 0 21 190 145
547 69 952 1 100 78 146
551 27 666 0 138 56 147
555 28 1033 1 150 174 148
561 41 937 1 182 142 149
564 10 637 1 199 185 150
565 11 604 1 187 21 151
566 153 1068 1 161 180 152
569 180 1423 0 144 95 153
574 16 793 1 69 7 154
579 402 1851 1 192 72 155
582 142 1052 0 1 46 156
583 8 624 1 125 123 157
596 50 1952 1 173 188 158
601 3 614 1 30 62 159
611 226 1378 0 1 136 160
621 4 972 0 158 128 161
624 1 633 1 140 50 162
633 92 1276 1 89 150 163
634 71 1289 1 62 89 164
637 58 873 1 19 54 165
642 296 1822 1 116 52 166
643 271 1621 1 152 117 167
644 14 1280 1 78 26 168
650 105 1004 0 158 46 169
657 43 1409 0 176 12 170
660 152 1161 0 179 105 171
663 38 781 1 180 83 172
664 14 897 0 168 168 173
667 219 1546 1 153 75 174
672 227 1778 0 38 200 175
676 102 1184 1 147 65 176
685 21 907 0 89 137 177
689 45 1699 1 3 196 178
695 178 1301 1 72 99 179
696 151 1588 1 82 14 180
700 272 1930 1 121 21 181
701 14 755 0 18 90 182
705 146 1252 0 50 119 183
708 37 838 1 105 120 184
710 40 1000 1 190 56 185
717 138 1753 0 162 50 186
724 123 1392 1 68 93 187
726 317 1807 0 197 52 188
729 9 883 0 15 132 189
733 143 1567 1 149 160 190
735 291 1780 0 6 45 191
739 90 1907 0 129 145 192
748 20 862 1 145 73 193
750 32 1375 1 148 10 194
750 161 1482 1 48 143 195
753 100 1666 0 31 97 196
758 148 1237 1 63 178 197
766 32 951 0 79 21 198
767 31 912 1 17 189 199
777 45 1801 1 169 105 200
780 87 1205 0 144 56 201
784 55 1081 0 124 67 202
804 182 1428 1 54 66 203
808 159 1404 1 144 29 204
810 102 1397 1 161 175 205
811 73 1219 1 65 170 206
812 47 1120 0 192 113 207
814 25 1237 0 2 85 208
815 147 1806 1 152 89 209
820 72 1455 0 130 184 210
829 32 994 0 181 49 211
836 4 894 1 107 198 212
837 191 1581 1 178 23 213
841 55 1548 1 61 173 214
845 87 1193 0 118 70 215
852 32 1293 0 88 123 216
854 11 990 1 124 145 217
856 25 1530 0 156 186 218
864 113 1540 0 52 80 219
872 186 1606 1 163 186 220
873 3 888 0 104 39 221
873 10 981 1 20 58 222
877 52 1845 1 16 73 223
879 55 1088 1 193 125 224
883 62 1343 0 144 1 225
888 81 1728 1 144 125 226
899 25 1129 1 92 198 227
899 269 1817 1 81 80 228
904 93 1243 0 8 3 229
909 175 1603 0 154 81 230
910 14 1025 1 49 177 231
911 10 1781 0 172 54 232
916 98 1635 1 175 200 233
919 30 1041 0 161 73 234
923 30 1377 0 89 72 235
926 115 1444 0 174 28 236
933 213 1832 0 160 179 237
933 230 1935 1 149 189 238
935 133 1694 0 45 88 239
936 14 1410 0 30 192 240
951 7 1016 1 65 200 241
955 81 1414 0 8 68 242
955 267 1877 0 83 40 243
956 34 1307 0 131 21 244
957 4 983 0 88 146 245
963 180 1645 0 32 185 246
966 125 1805 1 123 174 247
969 31 1462 0 116 23 248
972 168 1871 0 183 117 249
973 26 1072 1 85 145 250
988 5 1278 0 177 109 251
993 37 1455 1 120 48 252
995 53 1319 1 127 23 253
999 42 1260 1 155 73 254
999 124 1445 0 188 184 255
1003 43 1258 1 137 89 256
1010 107 1393 1 133 130 257
1014 220 1895 1 179 105 258
1015 49 1182 0 97 79 259
1018 125 1840 1 104 89 260
1019 61 1345 0 93 5 261
1026 152 1690 0 31 164 262
1038 136 1585 1 152 151 263
1040 45 1992 1 108 155 264
1043 58 1357 0 134 151 265
1046 276 1914 1 17 14 266
1062 8 1198 0 118 134 267
1068 27 1919 1 115 23 268
1071 67 1369 0 152 123 269
1077 108 1846 0 130 100 270
1078 4 1230 0 53 67 271
1079 83 1341 0 185 29 272
1082 60 1637 1 164 37 273
1083 29 1550 0 43 127 274
1086 47 1276 0 143 48 275
1098 192 1885 0 196 117 276
1103 70 1391 1 45 65 277
1108 29 1591 0 94 178 278
1113 1 1132 1 35 184 279
1113 234 1956 0 109 135 280
1114 140 1770 1 30 142 281
1117 6 1189 0 120 184 282
1123 145 1661 1 60 195 283
1127 8 1214 0 4 36 284
1133 14 1202 0 160 60 285
1133 134 1727 0 64 168 286
1135 65 1660 0 159 145 287
1135 84 1495 1 100 32 288
1137 63 1793 1 133 135 289
1137 96 1717 0 183 147 290
1146 17 1208 1 178 136 291
1148 62 1732 1 176 48 292
1159 5 1182 0 87 7 293
1163 30 1477 0 89 20 294
1165 148 1698 0 120 79 295
1167 163 1757 1 12 136 296
1174 3 1190 1 162 156 297
1177 3 1270 0 96 19 298
1177 25 1274 0 87 84 299
1180 87 1536 1 104 117 300
1185 75 1579 0 165 102 301
1188 104 1897 1 33 92 302
1189 6 1248 1 93 30 303
1201 100 1514 0 115 175 304
1203 99 1858 0 42 93 305
1206 25 1293 1 123 182 306
1210 31 1515 0 67 48 307
1214 2 1290 0 80 96 308
1223 14 1403 1 41 138 309
1226 27 1611 0 52 32 310
1226 48 1549 1 147 20 311
1227 44 1591 0 70 126 312
1233 27 1643 0 173 20 313
1236 48 1521 1 110 128 314
1237 2 1247 1 100 191 315
1237 62 1970 0 10 103 316
1240 10 1445 1 114 129 317
1248 54 1475 0 13 171 318
1263 19 1999 1 133 40 319
1265 30 1511 0 22 187 320
1265 99 1750 0 98 156 321
1266 106 1887 1 34 85 322
1267 3 1318 0 12 12 323
1268 55 1451 0 32 98 324
1269 76 1517 1 90 115 325
1275 101 1771 1 127 37 326
1279 22 1433 0 77 122 327
1292 11 1344 1 150 141 328
1299 92 1920 1 6 48 329
1301 41 1523 0 109 143 330
1315 5 1645 1 68 93 331
1315 54 1499 0 34 81 332
1322 71 1957 1 193 152 333
1326 3 1357 1 130 62 334
1329 17 1516 0 172 140 335
1330 39 1960 1 67 134 336
1332 39 1794 0 147 162 337
1349 119 1796 0 36 26 338
1354 11 1873 1 173 9 339
1361 83 1836 1 160 6 340
1362 4 1388 1 183 178 341
1378 31 1754 0 87 116 342
1384 41 1724 0 77 27 343
1384 49 1898 0 109 12 344
1388 60 1874 0 82 79 345
1399 36 1615 1 33 87 346
1402 31 1628 0 58 10 347
1409 66 1749 1 131 124 348
1411 71 1802 0 137 47 349
1428 36 1548 1 103 102 350
1436 16 1517 0 40 74 351
1437 35 1622 0 89 136 352
1442 54 1710 1 112 109 353
1447 40 1972 0 130 75 354
1448 88 1979 0 156 105 355
1451 49 1774 1 168 126 356
1452 1 1462 1 118 9 357
1454 59 1749 1 162 76 358
1455 3 1471 0 97 12 359
1455 3 1489 0 152 147 360
1457 33 1763 0 7 43 361
1457 41 1697 1 24 40 362
1469 26 1979 1 101 94 363
1472 6 1525 0 189 153 364
1477 89 1938 1 33 64 365
1479 25 1607 1 160 106 366
1482 56 1872 1 1 188 367
1484 7 1592 1 57 11 368
1486 31 1663 0 40 160 369
1497 30 1591 1 117 123 370
1502 32 1679 0 117 168 371
1502 84 1760 1 158 191 372
1504 93 1963 1 54 198 373
1505 27 1813 0 197 191 374
1506 20 1611 0 176 119 375
1506 121 1886 1 110 144 376
1509 135 1965 1 12 195 377
1525 54 1924 0 36 38 378
1527 15 1589 1 187 182 379
1531 18 1648 1 175 122 380
1534 52 1772 1 150 42 381
1546 15 1667 1 5 32 382
1549 114 1928 0 81 145 383
1550 78 1802 0 6 14 384
1554 5 1614 1 68 195 385
1554 100 1998 1 7 129 386
1555 12 1614 0 181 160 387
1558 21 1993 0 92 17 388
1559 22 1757 0 127 50 389
1564 101 1874 0 136 153 390
1574 19 1719 0 144 70 391
1575 55 1751 0 97 89 392
1578 12 1810 0 86 31 393
1578 18 1653 0 54 49 394
1579 26 1946 1 17 18 395
1592 3 1603 1 119 140 396
1593 5 1694 0 93 138 397
1606 103 1960 0 17 83 398
1610 31 1976 0 195 198 399
1617 15 1696 0 38 113 400
1621 24 1726 0 143 188 401
1624 74 1870 1 180 144 402
1628 1 1631 0 64 13 403
1629 2 1641 0 134 118 404
1632 21 1924 0 44 170 405
1633 30 1768 1 56 163 406
1636 48 1871 1 25 79 407
1637 11 1687 1 145 72 408
1638 5 1729 0 6 74 409
1638 55 1814 1 192 75 410
1642 42 1828 0 121 35 411
1643 44 1999 0 131 17 412
1649 19 1720 0 139 131 413
1651 16 1743 0 139 19 414
1663 4 1849 0 93 184 415
1665 16 1879 0 62 140 416
1667 17 1782 0 104 178 417
1667 68 1896 1 101 138 418
1671 10 1776 1 50 4 419
1674 3 1973 1 27 95 420
1674 10 1963 0 92 125 421
1674 51 1848 1 145 46 422
1675 37 1796 0 143 155 423
1677 19 1976 1 83 163 424
1677 97 1975 0 147 37 425
1678 40 1930 0 72 17 426
1684 64 1914 0 28 194 427
1685 68 1898 0 46 56 428
1687 2 1706 0 194 174 429
1689 28 1873 1 40 174 430
1693 3 1795 0 18 183 431
1693 22 1772 1 171 21 432
1702 34 1965 0 162 8 433
1710 10 1756 1 67 85 434
1713 48 1864 0 43 189 435
1719 71 1958 1 180 181 436
1728 4 1820 1 51 136 437
1730 4 1991 0 136 21 438
1733 24 1944 0 187 110 439
1751 15 1954 1 142 104 440
1751 25 1837 1 35 115 441
1754 9 1989 1 17 136 442
1757 16 1819 0 118 191 443
1759 32 1947 0 3 2 444
1760 1 1769 1 8 89 445
1763 31 1961 1 194 120 446
1774 12 1841 0 83 64 447
1778 7 1853 0 162 6 448
1778 27 1885 0 126 186 449
1782 63 1986 0 3 25 450
1784 43 1946 1 44 8 451
1794 20 1929 0 117 42 452
1797 13 1855 1 99 116 453
1805 1 1834 0 103 2 454
1808 3 1818 1 161 47 455
1809 4 1851 0 172 114 456
1820 11 1858 0 91 46 457
1824 36 1991 0 167 85 458
1826 10 1930 0 170 47 459
1830 2 1851 0 102 161 460
1838 1 1856 0 130 93 461
1842 16 1907 1 152 152 462
1851 21 1992 1 6 11 463
1855 8 1996 1 133 166 464
1856 3 1937 0 6 199 465
1866 6 1894 0 170 147 466
1866 13 1926 1 27 126 467
1872 13 1998 0 184 98 468
1872 23 1981 1 87 172 469
1883 2 1936 1 69 83 470
1884 1 1893 1 121 79 471
1884 4 1911 1 52 107 472
1885 7 1936 1 195 81 473
1885 21 1950 1 181 57 474
1888 7 1940 1 80 140 475
1890 23 1997 1 101 148 476
1893 15 1946 1 10 140 477
1894 3 1929 1 28 146 478
1895 7 1928 0 127 153 479
1898 15 1970 0 83 53 480
1905 9 1970 0 28 123 481
1909 2 1920 0 106 3 482
1909 2 1988 0 132 14 483
1915 8 1975 0 86 43 484
1916 9 1947 1 58 5 485
1919 4 1967 1 123 154 486
1930 13 1974 1 122 67 487
1931 12 1998 0 8 140 488
1939 5 1957 1 152 61 489
1944 1 1951 1 179 151 490
1944 1 1953 0 169 79 491
1946 12 1997 0 29 96 492
1956 2 1976 0 5 190 493
1966 1 1971 1 29 49 494
1969 3 1980 0 200 81 495
1983 4 2000 0 66 200 496
1987 1 1991 0 41 89 497
1987 1 1997 1 22 139 498
1991 2 1997 1 115 184 499
1992 1 1997 0 82 60 500
