50
96 9
79 126
19 178
76 72
148 108
24 174
129 174
145 182
121 39
72 69
69 145
156 182
163 29
113 124
89 167
158 184
128 189
61 146
166 136
170 113
44 193
86 124
118 182
57 39
21 128
59 89
24 166
22 138
194 134
61 83
101 171
18 28
159 79
125 124
166 46
188 161
38 73
36 108
55 93
146 27
172 4
115 148
121 88
85 114
22 98
148 122
68 118
101 178
196 177
53 113
2 358 533 1 16 70 1
7 1529 1624 0 170 149 2
7 1561 1678 0 11 6 3
7 1857 1975 0 163 177 4
8 1311 1890 0 77 69 5
10 869 1110 1 140 48 6
13 1578 1708 0 60 108 7
14 335 414 1 97 76 8
19 568 836 1 67 173 9
19 906 1019 0 22 41 10
22 634 941 0 111 90 11
26 964 1352 1 11 127 12
28 1355 1770 0 12 189 13
47 94 161 1 18 42 14
49 63 145 0 132 17 15
49 1132 1639 0 135 166 16
51 1782 1935 0 104 128 17
52 1648 1812 0 185 157 18
54 906 1395 1 144 100 19
54 1307 1498 1 124 124 20
63 439 576 0 32 198 21
68 26 99 1 116 166 22
83 560 784 0 70 166 23
92 51 164 0 155 61 24
94 448 604 1 135 122 25
95 224 374 1 62 77 26
95 875 1039 0 170 67 27
98 841 1317 0 14 54 28
98 899 1422 1 121 104 29
98 1181 1542 0 77 139 30
109 136 269 1 117 96 31
109 315 566 1 191 130 32
115 1533 1922 1 31 126 33
117 653 1040 0 48 50 34
125 955 1445 0 72 81 35
126 591 843 1 97 38 36
134 126 315 0 166 4 37
134 174 363 0 133 151 38
135 1054 1538 1 130 175 39
139 1143 1544 1 8 53 40
140 304 470 1 4 186 41
140 537 898 0 72 47 42
143 437 791 1 138 37 43
159 86 256 1 21 118 44
159 1640 1917 1 169 132 45
161 482 758 0 193 135 46
164 1035 1553 0 163 32 47
166 15 190 1 121 60 48
169 76 278 1 143 136 49
175 274 476 1 171 179 50
175 280 506 1 24 92 51
175 1009 1568 0 162 44 52
180 425 696 0 42 26 53
184 1220 1973 1 85 44 54
187 1204 1733 0 85 58 55
195 613 1110 0 42 92 56
196 1551 1848 0 147 156 57
200 383 662 1 90 72 58
205 1068 1467 0 185 14 59
210 242 509 1 53 94 60
210 256 553 0 140 112 61
211 139 367 1 69 193 62
215 143 371 1 51 27 63
224 403 816 1 198 79 64
225 1020 1653 1 6 4 65
228 759 1265 0 147 15 66
229 1579 1896 0 80 87 67
230 29 274 1 19 134 68
250 202 538 0 168 68 69
256 1507 1944 0 97 132 70
268 770 1185 0 69 79 71
278 346 761 1 5 131 72
278 968 1472 1 108 30 73
279 266 628 1 102 124 74
280 347 761 0 27 132 75
280 937 1636 0 46 150 76
281 689 1184 0 193 180 77
282 1162 1558 1 90 95 78
283 1262 1712 0 154 125 79
287 766 1302 1 91 178 80
289 765 1197 0 186 103 81
290 1210 1922 0 59 153 82
295 194 508 1 164 171 83
299 355 737 1 148 92 84
299 863 1344 0 88 49 85
303 375 712 0 48 92 86
305 1084 1894 1 157 162 87
308 1162 1953 0 94 18 88
312 1373 1920 1 5 179 89
317 1348 1764 1 170 14 90
320 798 1214 0 104 177 91
332 44 396 0 96 88 92
338 126 496 0 143 146 93
338 709 1215 0 96 177 94
339 1155 1661 1 130 180 95
340 789 1359 1 90 192 96
343 116 490 1 123 78 97
346 719 1122 0 169 74 98
347 997 1797 0 128 54 99
348 108 507 0 197 137 100
352 976 1530 0 177 11 101
363 143 530 1 37 48 102
363 281 693 1 68 128 103
364 284 708 0 37 33 104
375 1003 1670 1 59 35 105
377 439 951 0 172 26 106
380 526 1111 0 194 22 107
385 400 875 1 185 166 108
385 622 1295 0 117 181 109
392 966 1771 1 64 145 110
396 1056 1641 0 37 40 111
406 335 797 1 154 153 112
413 939 1496 0 191 131 113
414 280 825 1 8 98 114
422 790 1404 0 80 28 115
422 1178 1780 0 184 151 116
426 743 1284 0 29 16 117
431 212 685 0 178 136 118
436 277 759 0 55 155 119
437 231 773 0 150 8 120
438 4 447 0 135 2 121
444 620 1145 0 40 21 122
452 602 1260 1 109 117 123
455 399 891 1 154 103 124
456 251 814 1 137 101 125
465 1131 1785 1 62 59 126
469 14 487 0 80 38 127
469 780 1485 0 178 55 128
473 278 808 0 16 29 129
482 253 838 0 5 42 130
482 935 1684 1 39 167 131
488 328 936 0 28 171 132
489 471 1161 1 74 168 133
490 512 1147 0 100 73 134
494 720 1360 0 117 94 135
495 347 974 1 31 144 136
500 683 1244 1 20 101 137
516 556 1226 0 114 183 138
520 139 674 1 192 6 139
523 1192 1929 0 116 46 140
526 932 1580 1 169 97 141
530 678 1416 1 85 14 142
533 136 712 1 128 12 143
539 650 1276 1 141 93 144
543 348 989 0 21 190 145
547 326 952 1 100 78 146
551 98 666 0 138 56 147
555 338 1033 1 150 174 148
561 282 937 1 182 142 149
564 54 637 1 199 185 150
565 34 604 1 187 21 151
566 464 1068 1 161 180 152
569 721 1423 0 144 95 153
574 157 793 1 69 7 154
579 1190 1851 1 192 72 155
582 432 1052 0 1 46 156
583 32 624 1 125 123 157
596 939 1952 1 173 188 158
601 9 614 1 30 62 159
611 704 1378 0 1 136 160
621 233 972 0 158 128 161
624 4 633 1 140 50 162
633 503 1276 1 89 150 163
634 493 1289 1 62 89 164
637 205 873 1 19 54 165
642 1037 1822 1 116 52 166
643 882 1621 1 152 117 167
644 432 1280 1 78 26 168
650 324 1004 0 158 46 169
657 532 1409 0 176 12 170
660 462 1161 0 179 105 171
663 109 781 1 180 83 172
664 164 897 0 168 168 173
667 771 1546 1 153 75 174
672 927 1778 0 38 200 175
676 423 1184 1 147 65 176
685 164 907 0 89 137 177
689 706 1699 1 3 196 178
695 555 1301 1 72 99 179
696 719 1588 1 82 14 180
700 1049 1930 1 121 21 181
701 47 755 0 18 90 182
705 487 1252 0 50 119 183
708 116 838 1 105 120 184
710 226 1000 1 190 56 185
717 803 1753 0 162 50 186
724 548 1392 1 68 93 187
726 989 1807 0 197 52 188
729 108 883 0 15 132 189
733 675 1567 1 149 160 190
735 943 1780 0 6 45 191
739 849 1907 0 129 145 192
748 91 862 1 145 73 193
750 438 1375 1 148 10 194
750 622 1482 1 48 143 195
753 689 1666 0 31 97 196
758 445 1237 1 63 178 197
766 149 951 0 79 21 198
767 122 912 1 17 189 199
777 714 1801 1 169 105 200
780 354 1205 0 144 56 201
784 243 1081 0 124 67 202
804 569 1428 1 54 66 203
808 531 1404 1 144 29 204
810 475 1397 1 161 175 205
811 332 1219 1 65 170 206
812 244 1120 0 192 113 207
814 300 1237 0 2 85 208
815 783 1806 1 152 89 209
820 481 1455 0 130 184 210
829 136 994 0 181 49 211
836 40 894 1 107 198 212
837 656 1581 1 178 23 213
841 514 1548 1 61 173 214
845 305 1193 0 118 70 215
852 317 1293 0 88 123 216
854 98 990 1 124 145 217
856 465 1530 0 156 186 218
864 544 1540 0 52 80 219
872 647 1606 1 163 186 220
873 10 888 0 104 39 221
873 78 981 1 20 58 222
877 684 1845 1 16 73 223
879 184 1088 1 193 125 224
883 357 1343 0 144 1 225
888 624 1728 1 144 125 226
899 173 1129 1 92 198 227
899 841 1817 1 81 80 228
904 304 1243 0 8 3 229
909 610 1603 0 154 81 230
910 87 1025 1 49 177 231
911 582 1781 0 172 54 232
916 559 1635 1 175 200 233
919 105 1041 0 161 73 234
923 325 1377 0 89 72 235
926 442 1444 0 174 28 236
933 778 1832 0 160 179 237
933 861 1935 1 149 189 238
935 617 1694 0 45 88 239
936 323 1410 0 30 192 240
951 46 1016 1 65 200 241
955 373 1414 0 8 68 242
955 841 1877 0 83 40 243
956 260 1307 0 131 21 244
957 18 983 0 88 146 245
963 605 1645 0 32 185 246
966 661 1805 1 123 174 247
969 350 1462 0 116 23 248
972 738 1871 0 183 117 249
973 86 1072 1 85 145 250
988 194 1278 0 177 109 251
993 335 1455 1 120 48 252
995 259 1319 1 127 23 253
999 207 1260 1 155 73 254
999 401 1445 0 188 184 255
1003 204 1258 1 137 89 256
1010 345 1393 1 133 130 257
1014 773 1895 1 179 105 258
1015 151 1182 0 97 79 259
1018 651 1840 1 104 89 260
1019 268 1345 0 93 5 261
1026 570 1690 0 31 164 262
1038 478 1585 1 152 151 263
1040 667 1992 1 108 155 264
1043 258 1357 0 134 151 265
1046 814 1914 1 17 14 266
1062 94 1198 0 118 134 267
1068 584 1919 1 115 23 268
1071 253 1369 0 152 123 269
1077 601 1846 0 130 100 270
1078 102 1230 0 53 67 271
1079 244 1341 0 185 29 272
1082 418 1637 1 164 37 273
1083 331 1550 0 43 127 274
1086 164 1276 0 143 48 275
1098 686 1885 0 196 117 276
1103 250 1391 1 45 65 277
1108 343 1591 0 94 178 278
1113 11 1132 1 35 184 279
1113 759 1956 0 109 135 280
1114 554 1770 1 30 142 281
1117 51 1189 0 120 184 282
1123 480 1661 1 60 195 283
1127 63 1214 0 4 36 284
1133 57 1202 0 160 60 285
1133 509 1727 0 64 168 286
1135 310 1495 1 100 32 287
1135 402 1660 0 159 145 288
1137 465 1717 0 183 147 289
1137 486 1793 1 133 135 290
1146 53 1208 1 178 136 291
1148 439 1732 1 176 48 292
1159 18 1182 0 87 7 293
1163 232 1477 0 89 20 294
1165 480 1698 0 120 79 295
1167 530 1757 1 12 136 296
1174 11 1190 1 162 156 297
1177 62 1270 0 96 19 298
1177 84 1274 0 87 84 299
1180 309 1536 1 104 117 300
1185 324 1579 0 165 102 301
1188 557 1897 1 33 92 302
1189 42 1248 1 93 30 303
1201 293 1514 0 115 175 304
1203 517 1858 0 42 93 305
1206 76 1293 1 123 182 306
1210 227 1515 0 67 48 307
1214 51 1290 0 80 96 308
1223 130 1403 1 41 138 309
1226 254 1549 1 147 20 310
1226 277 1611 0 52 32 311
1227 277 1591 0 70 126 312
1233 292 1643 0 173 20 313
1236 228 1521 1 110 128 314
1237 6 1247 1 100 191 315
1237 537 1970 0 10 103 316
1240 142 1445 1 114 129 317
1248 195 1475 0 13 171 318
1263 501 1999 1 133 40 319
1265 188 1511 0 22 187 320
1265 406 1750 0 98 156 321
1266 501 1887 1 34 85 322
1267 35 1318 0 12 12 323
1268 168 1451 0 32 98 324
1269 228 1517 1 90 115 325
1275 414 1771 1 127 37 326
1279 120 1433 0 77 122 327
1292 42 1344 1 150 141 328
1299 489 1920 1 6 48 329
1301 182 1523 0 109 143 330
1315 167 1499 0 34 81 331
1315 220 1645 1 68 93 332
1322 481 1957 1 193 152 333
1326 20 1357 1 130 62 334
1329 136 1516 0 172 140 335
1330 449 1960 1 67 134 336
1332 337 1794 0 147 162 337
1349 399 1796 0 36 26 338
1354 351 1873 1 173 9 339
1361 386 1836 1 160 6 340
1362 18 1388 1 183 178 341
1378 274 1754 0 87 116 342
1384 259 1724 0 77 27 343
1384 381 1898 0 109 12 344
1388 373 1874 0 82 79 345
1399 172 1615 1 33 87 346
1402 175 1628 0 58 10 347
1409 282 1749 1 131 124 348
1411 319 1802 0 137 47 349
1428 108 1548 1 103 102 350
1436 67 1517 0 40 74 351
1437 151 1622 0 89 136 352
1442 223 1710 1 112 109 353
1447 380 1972 0 130 75 354
1448 427 1979 0 156 105 355
1451 255 1774 1 168 126 356
1452 5 1462 1 118 9 357
1454 245 1749 1 162 76 358
1455 10 1471 0 97 12 359
1455 22 1489 0 152 147 360
1457 193 1697 1 24 40 361
1457 230 1763 0 7 43 362
1469 359 1979 1 101 94 363
1472 39 1525 0 189 153 364
1477 381 1938 1 33 64 365
1479 104 1607 1 160 106 366
1482 304 1872 1 1 188 367
1484 76 1592 1 57 11 368
1486 143 1663 0 40 160 369
1497 86 1591 1 117 123 370
1502 144 1679 0 117 168 371
1502 243 1760 1 158 191 372
1504 383 1963 1 54 198 373
1505 226 1813 0 197 191 374
1506 84 1611 0 176 119 375
1506 354 1886 1 110 144 376
1509 417 1965 1 12 195 377
1525 309 1924 0 36 38 378
1527 52 1589 1 187 182 379
1531 91 1648 1 175 122 380
1534 201 1772 1 150 42 381
1546 91 1667 1 5 32 382
1549 348 1928 0 81 145 383
1550 233 1802 0 6 14 384
1554 41 1614 1 68 195 385
1554 379 1998 1 7 129 386
1555 48 1614 0 181 160 387
1558 304 1993 0 92 17 388
1559 149 1757 0 127 50 389
1564 291 1874 0 136 153 390
1574 111 1719 0 144 70 391
1575 162 1751 0 97 89 392
1578 62 1653 0 54 49 393
1578 161 1810 0 86 31 394
1579 263 1946 1 17 18 395
1592 9 1603 1 119 140 396
1593 69 1694 0 93 138 397
1606 322 1960 0 17 83 398
1610 268 1976 0 195 198 399
1617 63 1696 0 38 113 400
1621 89 1726 0 143 188 401
1624 225 1870 1 180 144 402
1628 1 1631 0 64 13 403
1629 7 1641 0 134 118 404
1632 209 1924 0 44 170 405
1633 113 1768 1 56 163 406
1636 196 1871 1 25 79 407
1637 41 1687 1 145 72 408
1638 62 1729 0 6 74 409
1638 162 1814 1 192 75 410
1642 157 1828 0 121 35 411
1643 272 1999 0 131 17 412
1649 63 1720 0 139 131 413
1651 73 1743 0 139 19 414
1663 125 1849 0 93 184 415
1665 153 1879 0 62 140 416
1667 89 1782 0 104 178 417
1667 210 1896 1 101 138 418
1671 76 1776 1 50 4 419
1674 158 1848 1 145 46 420
1674 198 1963 0 92 125 421
1674 198 1973 1 27 95 422
1675 110 1796 0 143 155 423
1677 212 1976 1 83 163 424
1677 279 1975 0 147 37 425
1678 200 1930 0 72 17 426
1684 207 1914 0 28 194 427
1685 199 1898 0 46 56 428
1687 13 1706 0 194 174 429
1689 143 1873 1 40 174 430
1693 68 1795 0 18 183 431
1693 69 1772 1 171 21 432
1702 202 1965 0 162 8 433
1710 36 1756 1 67 85 434
1713 140 1864 0 43 189 435
1719 217 1958 1 180 181 436
1728 62 1820 1 51 136 437
1730 175 1991 0 136 21 438
1733 159 1944 0 187 110 439
1751 78 1837 1 35 115 440
1751 146 1954 1 142 104 441
1754 162 1989 1 17 136 442
1757 54 1819 0 118 191 443
1759 150 1947 0 3 2 444
1760 5 1769 1 8 89 445
1763 156 1961 1 194 120 446
1774 53 1841 0 83 64 447
1778 55 1853 0 162 6 448
1778 93 1885 0 126 186 449
1782 187 1986 0 3 25 450
1784 143 1946 1 44 8 451
1794 104 1929 0 117 42 452
1797 47 1855 1 99 116 453
1805 19 1834 0 103 2 454
1808 8 1818 1 161 47 455
1809 29 1851 0 172 114 456
1820 33 1858 0 91 46 457
1824 139 1991 0 167 85 458
1826 76 1930 0 170 47 459
1830 13 1851 0 102 161 460
1838 12 1856 0 130 93 461
1842 54 1907 1 152 152 462
1851 109 1992 1 6 11 463
1855 98 1996 1 133 166 464
1856 55 1937 0 6 199 465
1866 21 1894 0 170 147 466
1866 48 1926 1 27 126 467
1872 89 1981 1 87 172 468
1872 92 1998 0 184 98 469
1883 36 1936 1 69 83 470
1884 5 1893 1 121 79 471
1884 18 1911 1 52 107 472
1885 38 1936 1 195 81 473
1885 59 1950 1 181 57 474
1888 38 1940 1 80 140 475
1890 89 1997 1 101 148 476
1893 46 1946 1 10 140 477
1894 24 1929 1 28 146 478
1895 27 1928 0 127 153 479
1898 59 1970 0 83 53 480
1905 49 1970 0 28 123 481
1909 7 1920 0 106 3 482
1909 52 1988 0 132 14 483
1915 45 1975 0 86 43 484
1916 27 1947 1 58 5 485
1919 34 1967 1 123 154 486
1930 39 1974 1 122 67 487
1931 53 1998 0 8 140 488
1939 14 1957 1 152 61 489
1944 3 1951 1 179 151 490
1944 4 1953 0 169 79 491
1946 43 1997 0 29 96 492
1956 13 1976 0 5 190 493
1966 2 1971 1 29 49 494
1969 8 1980 0 200 81 495
1983 12 2000 0 66 200 496
1987 1 1991 0 41 89 497
1987 6 1997 1 22 139 498
1991 4 1997 1 115 184 499
1992 1 1997 0 82 60 500
