50
133 172
116 149
133 106
127 170
130 169
103 152
106 166
143 170
155 149
122 169
155 104
105 151
171 157
113 143
111 147
119 100
152 144
124 111
131 100
128 137
152 152
113 166
163 158
106 153
161 135
161 160
112 139
144 171
183 153
113 106
136 162
138 162
168 115
181 129
137 169
143 165
158 159
161 148
110 141
132 149
151 103
143 96
100 154
107 157
107 166
183 128
107 164
174 139
120 167
113 163
0 9 189 1 99 196 1
0 17 21 1 100 196 2
0 26 31 1 95 197 3
0 28 33 0 96 197 4
0 37 42 0 51 125 5
0 50 56 0 69 11 6
0 54 60 1 69 11 7
0 55 61 1 69 10 8
0 61 68 0 78 190 9
0 95 103 0 96 197 10
0 96 105 1 68 10 11
0 109 118 0 51 124 12
0 112 121 0 146 165 13
0 132 142 1 69 10 14
0 152 163 1 68 11 15
0 154 166 0 63 190 16
0 163 175 1 130 172 17
0 166 178 1 69 11 18
0 187 200 1 67 10 19
0 193 207 1 69 10 20
0 208 222 0 67 11 21
0 211 226 0 96 196 22
0 224 239 0 53 125 23
0 258 275 0 52 111 24
0 265 282 0 70 11 25
0 267 284 0 51 124 26
0 277 295 0 50 124 27
0 281 299 0 64 188 28
0 287 306 1 135 177 29
0 289 308 0 101 197 30
0 306 326 0 100 197 31
0 312 332 1 63 11 32
0 318 338 1 31 161 33
0 319 339 0 96 197 34
0 320 340 1 68 10 35
0 322 342 0 96 198 36
0 348 370 0 96 197 37
0 349 371 0 95 197 38
0 359 1916 1 97 197 39
0 378 401 0 34 155 40
0 378 401 0 95 190 41
0 379 402 0 93 199 42
0 391 415 0 68 10 43
0 395 419 0 95 197 44
0 399 423 0 97 197 45
0 405 430 1 68 11 46
0 407 432 0 69 11 47
0 420 446 1 51 125 48
0 426 452 1 70 10 49
0 427 453 0 96 197 50
0 427 453 1 57 187 51
0 428 454 1 98 197 52
0 438 464 0 50 125 53
0 438 465 0 70 10 54
0 445 472 0 95 197 55
0 461 489 0 52 111 56
0 472 500 0 68 11 57
0 478 507 0 96 197 58
0 485 514 0 96 198 59
0 490 519 1 51 125 60
0 515 546 0 51 124 61
0 519 550 0 63 190 62
0 525 556 1 99 196 63
0 527 558 0 96 195 64
0 542 574 0 69 11 65
0 552 584 0 33 156 66
0 555 588 0 96 197 67
0 556 589 0 51 125 68
0 557 590 1 93 199 69
0 560 593 0 69 10 70
0 567 600 0 52 125 71
0 571 604 0 140 24 72
0 578 612 0 51 125 73
0 592 627 1 69 11 74
0 597 632 1 53 124 75
0 602 637 0 51 125 76
0 603 638 0 33 155 77
0 604 639 0 95 197 78
0 605 640 1 51 124 79
0 612 648 1 49 126 80
0 621 657 0 96 197 81
0 651 689 1 49 124 82
0 655 693 0 57 187 83
0 666 704 1 51 125 84
0 668 707 1 93 197 85
0 676 715 0 65 11 86
0 682 721 0 96 197 87
0 694 734 0 52 124 88
0 697 737 0 52 125 89
0 712 753 0 57 187 90
0 712 753 0 112 193 91
0 740 782 0 52 180 92
0 756 799 0 96 197 93
0 760 803 0 52 125 94
0 774 818 0 69 10 95
0 780 825 0 68 11 96
0 783 828 1 70 11 97
0 787 832 0 69 10 98
0 787 832 0 70 11 99
0 792 837 1 57 187 100
0 793 838 0 68 10 101
0 802 848 0 58 185 102
0 807 853 1 101 197 103
0 808 854 0 53 126 104
0 808 854 0 95 198 105
0 815 861 1 97 196 106
0 817 863 0 94 198 107
0 818 864 0 51 125 108
0 823 870 0 51 124 109
0 823 870 0 57 188 110
0 824 871 0 67 174 111
0 838 886 0 101 197 112
0 852 900 0 100 196 113
0 862 911 1 93 198 114
0 876 926 1 51 124 115
0 879 929 0 65 10 116
0 879 929 0 69 10 117
0 893 943 0 51 125 118
0 907 958 0 68 10 119
0 907 958 1 67 10 120
0 924 976 0 70 10 121
0 928 980 0 103 196 122
0 931 983 0 67 10 123
0 947 1000 0 33 156 124
0 947 1000 1 57 187 125
0 952 1006 0 63 190 126
0 957 1011 0 96 197 127
0 958 1012 1 68 11 128
0 981 1036 0 69 10 129
0 981 1036 0 96 197 130
0 984 1039 0 2 167 131
0 991 1047 1 68 10 132
0 994 1050 1 51 125 133
0 1015 1072 1 92 198 134
0 1032 1090 0 69 11 135
0 1036 1586 0 34 133 136
0 1042 1100 1 54 126 137
0 1046 1104 0 70 10 138
0 1051 1110 1 96 196 139
0 1055 1114 1 69 11 140
0 1058 1117 0 69 10 141
0 1059 1118 1 51 125 142
0 1064 1123 0 96 198 143
0 1068 1128 0 94 197 144
0 1078 1138 1 101 196 145
0 1088 1149 0 95 196 146
0 1089 1150 0 57 186 147
0 1100 1161 0 58 187 148
0 1103 1164 1 68 11 149
0 1103 1165 0 70 10 150
0 1104 1166 0 97 196 151
0 1106 1168 0 102 196 152
0 1114 1176 0 150 164 153
0 1123 1186 0 50 124 154
0 1132 1195 0 68 11 155
0 1146 1210 0 69 11 156
0 1160 1224 0 95 197 157
0 1166 1231 1 96 197 158
0 1175 1240 0 50 124 159
0 1185 1251 0 69 10 160
0 1198 1264 0 92 198 161
0 1218 1286 0 96 197 162
0 1225 1293 0 72 196 163
0 1246 1524 0 51 124 164
0 1266 1336 0 52 125 165
0 1266 1336 1 92 199 166
0 1277 1348 0 69 11 167
0 1278 1349 0 96 196 168
0 1292 1363 1 96 197 169
0 1305 1377 0 96 195 170
0 1316 1389 0 94 196 171
0 1317 1390 0 102 197 172
0 1322 1395 0 51 125 173
0 1325 1398 0 51 125 174
0 1328 1401 0 68 11 175
0 1338 1412 1 96 197 176
0 1341 1415 1 69 11 177
0 1346 1420 0 96 198 178
0 1358 1433 1 69 11 179
0 1369 1445 0 69 10 180
0 1383 1459 1 97 196 181
0 1384 1460 0 51 125 182
0 1396 1473 0 52 125 183
0 1399 1476 1 96 197 184
0 1402 1479 0 96 197 185
0 1417 1495 0 98 196 186
0 1426 1505 0 93 198 187
0 1443 1522 1 96 197 188
0 1452 1532 0 69 11 189
0 1460 1540 1 74 186 190
0 1470 1551 0 51 124 191
0 1488 1570 1 69 11 192
0 1502 1585 0 69 11 193
0 1511 1594 0 71 10 194
0 1517 1600 0 101 196 195
0 1518 1601 1 51 124 196
0 1555 1640 0 51 125 197
0 1573 1659 1 70 11 198
0 1580 1667 1 51 124 199
0 1590 1677 1 61 10 200
0 1603 1691 1 96 196 201
0 1605 1693 1 96 196 202
0 1607 1695 0 54 121 203
0 1615 1703 0 51 124 204
0 1616 1704 1 110 196 205
0 1621 1710 0 36 154 206
0 1621 1710 0 96 197 207
0 1624 1713 1 52 125 208
0 1627 1716 0 70 10 209
0 1633 1722 1 53 127 210
0 1639 1729 1 96 197 211
0 1650 1740 0 51 125 212
0 1673 1764 0 61 9 213
0 1679 1771 0 51 124 214
0 1692 1784 0 94 198 215
0 1698 1791 0 117 190 216
0 1714 1808 0 96 196 217
0 1719 1813 1 93 198 218
0 1721 1815 1 49 124 219
0 1734 1829 1 96 197 220
0 1735 1830 0 102 197 221
0 1740 1835 0 70 10 222
0 1741 1836 1 53 134 223
0 1755 1851 0 136 177 224
0 1792 1890 1 97 197 225
0 1833 1933 0 51 124 226
0 1835 1935 0 33 158 227
0 1847 1948 0 101 197 228
0 1861 1962 0 96 196 229
0 1869 1971 0 52 125 230
0 1881 1983 0 69 11 231
0 1882 1984 0 97 196 232
22 1052 1470 0 34 157 233
24 183 342 1 101 197 234
26 3 35 1 96 197 235
26 182 692 0 97 197 236
30 49 1553 1 31 157 237
38 291 1834 1 33 157 238
39 92 820 1 32 156 239
47 166 571 0 33 156 240
48 188 819 1 33 156 241
49 48 408 1 33 156 242
51 253 1643 0 34 155 243
53 71 1639 1 33 157 244
53 611 961 1 33 157 245
59 212 1726 1 63 21 246
66 6 872 1 33 156 247
66 58 1140 1 33 156 248
70 91 1851 1 34 157 249
72 1 89 1 33 156 250
72 67 279 1 33 156 251
72 135 1994 1 32 158 252
72 257 1997 1 33 157 253
73 34 602 0 33 156 254
84 46 510 1 33 156 255
85 4 1188 1 33 157 256
91 15 842 1 61 189 257
92 20 174 0 68 169 258
95 4 276 1 55 162 259
95 261 1803 0 57 187 260
97 71 1810 0 57 187 261
110 1 193 1 96 197 262
116 1 996 1 51 125 263
117 230 1513 0 68 11 264
118 2 689 1 50 185 265
134 81 672 1 35 151 266
141 100 1189 1 87 198 267
143 135 902 1 57 188 268
148 87 1756 1 58 186 269
151 132 1372 1 88 198 270
152 9 247 1 57 187 271
152 9 791 1 57 187 272
152 46 1578 0 57 186 273
161 35 1006 1 57 186 274
164 16 1417 1 57 187 275
165 7 300 1 34 154 276
165 122 1294 0 58 187 277
168 65 1858 1 60 188 278
170 82 444 1 32 157 279
173 232 1761 1 32 159 280
174 94 880 1 33 156 281
179 1 198 1 105 194 282
181 6 1982 1 69 11 283
182 135 1246 1 33 157 284
185 165 1518 1 12 163 285
188 48 429 1 118 188 286
190 537 1661 0 79 196 287
192 37 1146 1 33 154 288
192 108 1891 1 34 157 289
194 9 1514 0 33 157 290
197 39 324 1 34 156 291
200 152 804 1 33 156 292
203 11 532 1 33 157 293
203 43 1040 1 33 156 294
207 66 1808 1 35 154 295
210 35 434 0 57 186 296
214 30 845 1 91 193 297
216 98 1760 1 58 183 298
216 122 1959 0 70 10 299
219 18 514 0 33 157 300
219 60 1117 0 31 153 301
220 3 1134 1 88 199 302
224 4 703 0 97 197 303
226 1 493 1 97 196 304
227 1110 1397 0 58 187 305
229 63 689 1 57 188 306
229 145 1497 0 57 188 307
231 1 1151 1 58 185 308
236 9 1502 1 51 125 309
236 286 1934 0 52 125 310
236 661 1031 1 52 125 311
237 28 811 1 51 125 312
238 23 1641 1 52 125 313
238 1324 1634 0 51 124 314
242 7 504 1 51 124 315
246 309 1789 1 51 124 316
254 18 950 1 51 124 317
255 111 383 1 51 125 318
257 2 340 1 51 124 319
259 91 430 1 51 124 320
260 15 1776 0 52 124 321
265 1299 1635 1 51 124 322
276 50 797 1 50 124 323
277 19 600 1 50 124 324
285 270 578 1 51 124 325
286 60 356 1 50 124 326
286 325 838 0 50 124 327
289 11 1435 0 97 196 328
293 139 770 1 97 197 329
295 1378 1748 0 97 196 330
302 271 1501 1 33 157 331
307 76 1303 1 33 157 332
311 63 555 0 33 157 333
316 1 452 1 33 157 334
316 13 827 1 33 157 335
325 185 1781 0 34 157 336
330 145 1631 0 33 157 337
340 11 400 1 34 157 338
340 200 1428 1 33 156 339
343 4 881 1 33 157 340
345 1 1058 0 35 158 341
345 138 1748 0 32 157 342
345 395 764 1 33 157 343
346 75 1902 0 33 157 344
354 28 500 1 33 157 345
358 4 1439 0 33 157 346
359 59 1895 1 34 157 347
359 283 1445 0 33 157 348
359 395 1974 1 33 157 349
360 704 1399 0 33 157 350
362 1 637 1 32 157 351
363 34 1179 1 32 157 352
363 39 1576 0 33 157 353
364 38 1097 0 33 157 354
365 22 450 1 32 157 355
365 273 1957 1 36 155 356
368 54 1416 1 33 156 357
371 1 1165 1 33 157 358
371 23 852 0 33 157 359
373 115 1623 0 33 156 360
376 1 396 0 33 157 361
376 20 640 0 33 157 362
377 18 749 1 33 157 363
380 11 733 1 32 157 364
381 73 1144 0 33 157 365
384 1 1898 1 33 157 366
385 149 1898 1 32 158 367
389 9 773 1 33 157 368
389 298 1658 0 32 157 369
390 38 1390 1 70 10 370
390 1056 1505 0 32 158 371
397 48 881 1 69 10 372
405 281 1447 0 34 156 373
406 1 870 0 34 157 374
407 195 1937 1 48 177 375
410 55 479 1 147 165 376
414 320 754 1 57 186 377
414 407 1671 1 63 190 378
416 637 1088 0 58 186 379
418 100 526 0 82 13 380
419 147 1816 1 33 156 381
419 848 1833 0 57 187 382
420 188 643 0 33 156 383
428 1 671 1 41 159 384
428 51 873 1 43 166 385
429 1 1296 1 1 168 386
429 1 1846 1 123 185 387
429 151 1420 1 188 86 388
430 8 580 1 40 153 389
432 34 1238 1 57 187 390
433 4 1469 1 89 199 391
434 361 1127 1 33 158 392
437 194 1825 1 57 187 393
439 1 1052 1 31 158 394
442 71 940 0 33 158 395
446 141 1611 1 140 175 396
448 1 1907 1 51 124 397
452 30 567 0 96 196 398
455 49 818 1 70 162 399
455 51 884 1 57 187 400
457 160 1941 0 57 187 401
463 9 694 0 57 187 402
463 56 1345 0 81 172 403
464 143 1751 1 33 156 404
465 16 534 1 32 155 405
471 21 796 1 33 158 406
471 30 684 1 58 187 407
475 796 1315 0 62 119 408
480 1 672 1 34 156 409
482 424 1872 0 31 157 410
484 219 1808 1 33 156 411
491 661 1834 1 33 156 412
493 1 998 0 34 156 413
505 1 1957 0 34 156 414
509 20 711 0 34 154 415
516 104 1506 1 79 197 416
517 47 1024 0 59 185 417
520 88 1175 0 60 188 418
521 11 977 0 52 186 419
521 37 1665 0 59 185 420
522 24 1085 1 60 189 421
522 123 1466 0 53 185 422
530 4 1574 0 77 189 423
531 3 618 1 60 189 424
532 479 1396 0 60 189 425
533 1 555 1 88 5 426
533 14 1017 1 65 10 427
533 754 1540 1 88 4 428
536 1 541 1 70 10 429
537 1 576 1 188 86 430
537 5 1827 1 69 10 431
538 53 1817 1 188 86 432
539 138 1818 0 189 86 433
540 1 1309 1 49 177 434
543 67 1271 1 49 177 435
544 3 1375 1 93 199 436
544 37 1977 1 2 168 437
544 80 1185 0 84 181 438
546 521 1537 1 96 196 439
548 209 1152 1 57 188 440
548 325 1454 1 71 12 441
551 118 1981 1 57 188 442
552 1 1973 0 33 157 443
553 107 1901 1 92 199 444
554 18 927 1 58 188 445
554 698 1532 1 59 187 446
557 129 1959 0 58 187 447
558 5 578 1 90 199 448
559 21 740 1 57 187 449
560 63 1050 1 58 186 450
562 198 1331 0 57 187 451
564 110 1499 1 64 189 452
566 300 1826 1 57 188 453
570 1 628 1 57 187 454
570 80 1254 0 57 188 455
573 348 1413 1 63 190 456
574 37 1008 1 51 124 457
575 139 1270 0 51 124 458
576 121 1112 1 50 124 459
578 5 1009 0 2 168 460
579 1 1335 0 11 167 461
581 8 708 1 34 156 462
581 970 1603 1 57 188 463
582 1165 1812 1 58 188 464
587 35 1486 0 57 188 465
587 72 1397 0 57 187 466
588 7 1624 1 60 188 467
589 66 1956 1 57 188 468
593 139 1385 1 57 188 469
594 388 1938 1 63 190 470
599 124 1945 0 57 187 471
600 209 1682 1 59 188 472
600 223 1619 1 59 188 473
601 4 1629 0 57 188 474
602 63 1699 0 58 188 475
603 3 1301 1 58 188 476
605 4 804 1 53 185 477
608 23 1157 1 63 190 478
609 1 910 1 58 186 479
610 3 1377 1 55 162 480
611 27 1200 1 57 186 481
611 53 902 1 60 177 482
611 57 1993 1 64 189 483
611 118 1365 0 70 195 484
615 15 921 0 57 186 485
615 618 1269 0 56 185 486
616 122 1713 1 60 186 487
617 1 1257 0 96 197 488
621 43 1464 0 58 185 489
622 24 1080 1 62 189 490
624 6 1193 1 58 186 491
626 25 882 1 60 189 492
636 1 811 1 57 186 493
637 25 736 0 60 189 494
638 2 1252 1 57 187 495
638 9 679 1 58 188 496
639 48 1709 0 57 187 497
639 49 1739 0 63 190 498
640 42 1574 1 33 158 499
640 109 1201 1 62 189 500
640 377 1991 0 58 186 501
641 19 1028 1 31 157 502
641 316 1723 1 34 155 503
643 5 717 1 33 155 504
643 30 1273 0 33 157 505
643 115 1979 1 33 157 506
644 14 1482 1 32 158 507
646 62 828 1 33 156 508
648 15 997 1 33 156 509
648 21 1715 1 33 156 510
650 55 1795 0 31 153 511
651 120 1648 0 33 158 512
652 11 727 0 35 138 513
652 94 1130 1 36 156 514
652 214 1945 1 31 153 515
653 5 709 0 30 156 516
657 288 1919 1 135 177 517
660 144 1648 1 97 196 518
661 112 1795 1 93 188 519
663 30 1515 0 98 197 520
665 118 1946 1 95 195 521
667 1 1278 0 110 196 522
667 107 1256 0 94 198 523
671 330 1681 1 53 183 524
672 1 855 0 67 10 525
672 37 1558 1 57 188 526
675 2 692 1 58 186 527
676 84 1338 0 58 186 528
676 199 1315 1 58 186 529
680 94 1629 1 57 188 530
682 3 1437 1 60 189 531
684 45 1868 1 56 186 532
685 1 717 1 95 197 533
685 1 1364 1 103 197 534
685 11 931 1 97 196 535
686 40 1413 0 101 196 536
686 303 1503 0 95 195 537
692 83 1433 0 96 196 538
694 83 1695 0 97 196 539
695 1 1246 1 103 197 540
697 76 1013 0 96 197 541
700 17 983 0 96 197 542
700 241 1224 1 98 197 543
702 1 1018 1 93 198 544
705 15 1090 1 101 196 545
705 46 958 0 100 194 546
707 32 1178 1 95 198 547
708 28 931 1 94 196 548
710 45 1225 1 96 197 549
710 320 1517 0 102 189 550
711 256 1301 0 95 198 551
712 19 1080 0 95 197 552
713 15 1872 1 98 197 553
713 831 1852 1 93 198 554
714 2 727 1 96 196 555
716 2 724 1 109 196 556
717 63 794 1 96 196 557
719 31 1411 1 97 196 558
719 36 1463 1 94 197 559
719 428 1452 1 102 197 560
720 1155 1939 0 96 196 561
727 25 1589 1 94 197 562
728 37 1493 0 96 195 563
728 312 1806 0 96 193 564
730 33 893 0 96 196 565
733 80 1925 1 96 197 566
738 982 1775 0 97 196 567
740 3 1424 0 95 197 568
740 85 1574 1 109 196 569
740 150 1682 1 93 197 570
742 1042 1841 0 97 197 571
743 39 1745 0 98 196 572
743 166 1628 1 93 198 573
744 11 975 1 96 194 574
744 43 1326 1 93 197 575
745 27 1271 1 95 195 576
745 44 1732 1 93 198 577
750 50 1669 1 95 198 578
750 88 1479 1 96 196 579
753 64 1755 1 94 197 580
758 386 1327 1 97 197 581
760 117 1659 1 96 196 582
761 1 1299 1 96 197 583
761 13 1000 1 96 197 584
765 17 873 1 96 196 585
765 83 1605 0 96 197 586
766 14 1291 0 97 197 587
766 57 1947 1 94 198 588
768 42 1372 1 95 197 589
769 43 1661 1 95 198 590
773 378 1172 0 96 197 591
776 1 984 0 95 197 592
779 115 1987 1 95 196 593
782 71 1640 1 95 198 594
785 36 1346 1 97 196 595
787 1 1084 1 94 198 596
788 224 1391 1 99 197 597
789 23 1231 1 95 197 598
789 707 1682 0 97 195 599
792 43 1538 1 96 197 600
797 3 841 1 97 197 601
798 29 1360 1 95 195 602
799 16 1285 1 34 154 603
799 68 1975 1 63 190 604
802 30 1959 1 58 186 605
802 50 1201 1 58 187 606
804 4 896 1 57 187 607
807 39 1744 1 63 191 608
819 525 1375 1 58 186 609
822 34 1530 1 64 189 610
826 2 1385 1 56 187 611
830 2 1230 0 56 187 612
830 30 1599 1 56 187 613
833 98 1459 1 88 199 614
839 3 1107 1 57 186 615
844 10 1154 1 59 188 616
849 1 1840 0 57 187 617
850 1 1046 1 57 187 618
854 105 1188 1 57 187 619
854 1059 1970 1 59 185 620
859 2 1171 1 57 188 621
861 1 886 0 60 182 622
865 40 1893 1 57 187 623
869 24 1801 1 57 186 624
870 1 1890 1 53 184 625
870 206 1228 0 57 187 626
876 17 1319 0 58 188 627
881 52 1966 1 54 186 628
892 1 1010 1 59 188 629
897 23 1000 1 58 185 630
898 50 1197 1 57 187 631
903 26 1274 1 57 172 632
906 627 1569 0 57 188 633
907 30 1169 1 59 187 634
909 34 1246 1 75 182 635
911 51 1080 1 91 198 636
911 77 1550 0 46 183 637
911 85 1342 1 63 190 638
912 1 1772 1 57 187 639
912 45 1801 1 58 184 640
915 103 1706 1 61 189 641
917 70 1133 1 57 188 642
922 348 1291 0 57 187 643
922 437 1974 1 57 188 644
927 83 1393 0 61 189 645
934 75 1340 1 57 187 646
934 305 1736 1 62 190 647
935 576 1543 0 89 199 648
937 47 1853 1 56 186 649
943 30 1719 1 95 195 650
943 43 1979 1 64 190 651
943 78 1432 1 100 196 652
946 92 1303 0 57 186 653
953 3 1899 1 59 188 654
955 96 1136 1 63 190 655
957 1 1436 1 58 186 656
959 19 1174 1 58 186 657
962 24 1217 1 64 192 658
971 1 1182 1 56 185 659
972 91 1921 1 63 189 660
973 105 1738 1 101 197 661
979 219 1864 1 103 195 662
981 775 1800 1 53 186 663
982 1 1486 1 64 190 664
982 821 1869 1 56 184 665
985 20 1188 1 58 185 666
985 32 1117 1 61 189 667
987 113 1684 1 57 187 668
990 5 1043 0 58 187 669
994 73 1785 1 57 187 670
995 76 1641 1 57 187 671
998 63 1421 0 62 189 672
1003 20 1029 0 59 185 673
1004 12 1100 1 58 187 674
1017 139 1275 1 58 188 675
1023 79 1238 0 58 186 676
1027 297 1712 1 57 186 677
1030 255 1833 1 58 187 678
1034 34 1191 0 57 186 679
1038 3 1904 0 58 186 680
1039 135 1430 1 39 181 681
1039 158 1496 1 57 186 682
1039 176 1692 1 59 186 683
1044 173 1580 1 58 187 684
1046 181 1430 1 59 186 685
1049 65 1778 1 58 187 686
1051 43 1282 0 58 187 687
1061 13 1111 1 57 185 688
1065 1 1385 0 58 187 689
1069 68 1578 0 58 188 690
1077 57 1419 1 58 188 691
1078 1 1084 0 57 186 692
1079 58 1141 0 55 185 693
1088 1 1573 0 33 157 694
1092 288 1399 1 64 190 695
1092 532 1655 1 60 188 696
1095 342 1496 0 51 185 697
1098 72 1490 1 53 186 698
1102 65 1483 0 60 188 699
1106 3 1961 1 60 189 700
1110 227 1713 1 58 185 701
1128 151 1817 0 50 184 702
1131 30 1991 1 58 186 703
1133 1 1670 1 51 124 704
1133 36 1380 1 65 176 705
1134 37 1539 1 33 135 706
1141 286 1983 0 96 191 707
1146 8 1613 1 69 11 708
1150 192 1647 1 69 11 709
1151 52 1737 1 68 11 710
1155 66 1747 1 70 10 711
1156 4 1549 1 57 186 712
1156 113 1780 1 58 186 713
1156 373 1562 1 58 186 714
1161 55 1641 1 63 190 715
1175 50 1917 1 58 186 716
1189 151 1919 0 58 188 717
1189 190 1826 0 58 187 718
1192 23 1745 1 64 190 719
1193 46 1361 1 63 190 720
1199 37 1505 1 57 188 721
1205 3 1938 1 60 188 722
1207 1 1266 1 57 187 723
1218 14 1474 1 59 188 724
1223 3 1990 0 58 185 725
1227 1 1446 1 58 185 726
1228 4 1569 1 56 186 727
1228 16 1682 1 58 185 728
1228 43 1933 1 60 189 729
1228 635 1899 0 58 185 730
1234 27 1321 1 57 186 731
1237 27 1842 0 57 188 732
1243 71 1578 1 56 186 733
1243 572 1848 1 56 185 734
1249 51 1343 0 56 186 735
1251 297 1693 1 63 190 736
1255 4 1620 1 64 189 737
1256 79 1805 1 60 188 738
1257 1 1794 1 56 187 739
1257 47 1732 1 53 186 740
1257 51 1789 1 62 189 741
1259 341 1692 0 54 186 742
1260 11 1490 0 61 188 743
1261 3 1958 1 64 190 744
1263 7 1764 1 32 159 745
1263 22 1490 0 33 160 746
1268 3 1361 1 33 156 747
1268 15 1599 1 31 161 748
1269 39 1636 1 61 189 749
1270 25 1966 1 58 186 750
1272 285 1882 0 61 189 751
1273 207 1716 0 57 187 752
1274 255 1937 1 58 187 753
1274 261 1879 0 61 189 754
1274 307 1955 1 53 186 755
1280 3 1367 1 58 186 756
1280 15 1389 1 53 186 757
1284 24 1817 1 57 187 758
1285 113 1642 1 63 190 759
1286 23 1485 1 58 187 760
1289 3 1982 1 60 173 761
1290 15 1616 1 48 177 762
1294 39 1546 1 48 177 763
1294 105 1969 1 49 177 764
1298 507 1833 1 48 178 765
1302 194 1818 1 48 177 766
1302 418 1745 1 48 177 767
1315 1 1540 0 49 177 768
1317 25 1585 0 49 177 769
1318 644 1998 1 48 177 770
1319 6 1932 0 48 177 771
1320 1 1461 0 49 177 772
1320 542 1970 1 47 177 773
1322 25 1883 1 49 177 774
1322 92 1818 1 96 197 775
1325 82 1860 0 2 168 776
1329 15 1565 0 7 159 777
1330 8 1577 1 2 168 778
1335 2 1691 1 13 163 779
1336 27 1443 0 8 158 780
1347 1 1605 1 2 169 781
1360 17 1951 0 11 167 782
1368 29 1828 1 2 168 783
1378 70 1671 1 101 197 784
1380 22 1777 1 93 198 785
1385 1 1431 1 58 186 786
1385 45 1867 1 60 188 787
1387 10 1587 1 61 189 788
1394 101 1749 1 65 10 789
1395 92 1723 1 51 125 790
1395 228 1778 1 51 124 791
1398 42 1668 1 50 125 792
1402 130 1847 1 51 124 793
1404 456 1887 1 50 124 794
1406 19 1459 1 51 125 795
1407 76 1490 1 50 124 796
1409 51 1924 1 51 125 797
1409 79 1860 1 51 125 798
1409 110 1846 1 51 124 799
1410 25 1970 1 50 125 800
1413 361 1955 1 51 126 801
1419 1 1820 0 49 124 802
1432 7 1822 1 52 125 803
1435 38 1811 1 51 124 804
1435 76 1799 0 51 126 805
1436 44 1905 0 51 125 806
1436 44 1990 0 51 124 807
1436 45 1516 0 51 125 808
1437 53 1876 0 53 125 809
1442 3 1672 0 50 125 810
1445 6 1492 1 51 124 811
1454 21 1650 1 50 124 812
1454 43 1915 1 51 125 813
1455 36 1794 1 51 124 814
1456 13 1588 1 50 124 815
1461 33 1745 1 51 124 816
1466 118 1592 1 188 86 817
1467 161 1640 1 51 124 818
1469 10 1569 0 50 124 819
1472 11 1601 1 119 101 820
1472 26 1812 1 11 167 821
1482 4 1607 1 51 124 822
1482 35 1923 0 57 186 823
1483 29 1790 1 31 166 824
1484 98 1929 1 51 124 825
1484 154 1914 1 51 124 826
1491 1 1715 1 48 177 827
1494 23 1708 1 69 10 828
1494 95 1936 1 69 10 829
1497 9 1867 1 58 187 830
1500 25 1576 1 57 187 831
1502 33 1902 1 65 191 832
1503 2 1590 1 58 186 833
1503 11 1713 1 58 187 834
1504 4 1900 1 59 186 835
1505 36 1699 1 59 186 836
1508 112 1627 0 57 187 837
1511 1 1862 0 57 187 838
1515 57 1775 1 55 184 839
1516 19 1716 1 63 190 840
1519 1 1607 1 33 158 841
1519 22 1825 1 33 156 842
1525 21 1694 1 32 153 843
1528 1 1550 1 32 157 844
1530 33 1980 1 32 157 845
1531 3 1661 1 32 157 846
1535 18 1663 1 101 197 847
1542 36 1923 1 96 191 848
1544 1 1951 0 34 157 849
1549 10 1811 1 2 168 850
1550 15 1710 1 12 164 851
1551 61 1900 1 2 168 852
1553 4 1603 0 56 187 853
1556 2 1576 1 10 167 854
1556 3 1583 0 58 187 855
1556 6 1741 1 2 168 856
1556 11 1660 1 2 168 857
1563 1 1905 1 2 169 858
1563 9 1789 1 13 162 859
1576 8 1765 1 11 167 860
1580 1 1658 1 56 187 861
1581 30 1813 1 58 188 862
1586 1 1678 1 11 167 863
1594 106 1708 0 3 168 864
1597 22 1751 1 2 169 865
1605 1 1728 0 58 187 866
1606 68 1727 0 38 148 867
1606 164 1894 0 13 160 868
1607 42 1653 0 3 168 869
1614 20 1736 1 57 187 870
1615 86 1708 0 11 167 871
1615 181 1808 0 58 188 872
1617 4 1688 1 4 168 873
1618 3 1747 1 56 187 874
1618 42 1978 1 57 188 875
1619 229 1940 1 56 187 876
1624 6 1686 1 58 188 877
1625 1 1678 1 58 187 878
1635 11 1814 1 58 187 879
1637 197 1857 1 57 187 880
1638 21 1938 1 58 187 881
1641 42 1689 0 58 187 882
1644 8 1876 1 58 187 883
1649 1 1662 1 58 187 884
1649 10 1757 1 58 187 885
1650 5 1836 1 58 185 886
1651 14 1954 0 57 187 887
1651 72 1792 1 58 187 888
1656 5 1706 1 57 187 889
1658 26 1957 1 58 186 890
1659 80 1956 1 57 188 891
1660 3 1910 1 58 187 892
1662 11 1942 1 58 187 893
1670 1 1767 1 58 187 894
1670 46 1802 1 57 186 895
1674 27 1842 0 57 187 896
1676 18 1821 1 58 187 897
1678 19 1785 0 58 187 898
1681 9 1712 1 58 187 899
1682 34 1858 1 57 187 900
1682 69 1822 1 57 187 901
1683 38 1965 1 57 187 902
1687 6 1803 1 51 125 903
1691 1 1995 0 51 124 904
1698 8 1729 1 188 87 905
1705 18 1763 0 51 124 906
1705 28 1806 0 51 124 907
1706 34 1866 1 50 124 908
1710 91 1950 0 51 124 909
1712 23 1860 1 51 124 910
1714 45 1824 1 50 124 911
1716 42 1885 1 50 125 912
1717 26 1982 1 50 124 913
1720 5 1877 1 51 124 914
1724 1 1786 1 51 124 915
1727 5 1823 1 50 124 916
1728 11 1881 0 49 124 917
1731 6 1815 1 51 124 918
1733 1 1742 0 52 125 919
1733 12 1783 0 53 126 920
1734 7 1790 1 61 122 921
1734 10 1902 0 52 125 922
1736 1 1991 0 119 101 923
1737 18 1894 0 50 124 924
1748 2 1761 0 35 154 925
1748 9 1868 1 51 125 926
1748 13 1913 1 32 157 927
1748 15 1985 0 50 124 928
1751 39 1793 1 52 124 929
1752 18 1927 1 35 155 930
1754 4 1836 1 32 157 931
1756 216 1986 1 32 157 932
1762 221 1997 1 34 157 933
1763 3 1783 1 33 156 934
1764 32 1974 1 33 158 935
1766 1 1957 1 33 158 936
1771 85 1943 0 33 158 937
1776 146 1933 1 33 157 938
1777 156 1944 1 33 158 939
1777 189 1978 0 33 157 940
1779 3 1830 0 33 156 941
1781 1 1787 1 67 10 942
1781 14 1817 1 34 156 943
1789 14 1916 1 69 10 944
1797 6 1832 1 68 10 945
1798 17 1963 1 69 11 946
1799 11 1976 0 68 11 947
1806 107 1922 0 68 11 948
1809 24 1991 1 65 10 949
1810 1 1815 1 65 10 950
1812 11 1952 1 69 10 951
1817 99 1923 0 68 11 952
1818 6 1848 1 67 10 953
1820 1 1928 0 67 10 954
1821 13 1918 0 68 11 955
1822 134 1982 1 68 11 956
1824 45 1974 1 68 11 957
1826 2 1885 1 68 11 958
1834 14 1970 1 69 10 959
1834 44 1982 0 69 11 960
1835 22 1976 1 66 10 961
1835 94 1998 1 67 10 962
1842 4 1899 1 65 10 963
1843 3 1883 0 68 10 964
1848 1 1988 1 71 10 965
1850 1 1855 1 68 10 966
1854 48 1995 1 49 124 967
1858 2 1867 0 50 126 968
1860 15 1995 1 49 124 969
1862 1 1925 1 50 124 970
1862 30 1959 1 49 124 971
1863 3 1911 1 51 124 972
1863 6 1874 1 47 125 973
1863 12 1936 1 50 124 974
1863 31 1918 0 50 124 975
1868 9 1895 1 49 126 976
1868 22 1933 1 50 128 977
1872 22 1913 1 50 125 978
1873 7 1984 1 47 124 979
1873 30 1951 1 190 115 980
1874 9 1952 1 188 86 981
1877 1 1921 1 188 86 982
1879 5 1897 1 51 125 983
1879 5 1931 1 96 198 984
1881 9 1947 1 97 197 985
1887 4 1914 1 95 197 986
1887 33 1955 0 95 197 987
1891 7 1951 1 95 197 988
1892 1 1945 1 95 197 989
1892 4 1974 1 95 197 990
1893 24 1999 0 96 197 991
1894 8 1937 1 98 197 992
1895 1 1906 1 98 196 993
1895 32 1987 1 98 196 994
1896 4 1967 1 99 197 995
1897 10 1963 1 93 198 996
1897 16 1986 1 92 199 997
1898 4 1957 1 93 198 998
1898 23 1990 1 112 193 999
1899 16 1985 0 61 189 1000
