50
133 172
116 149
133 106
127 170
130 169
103 152
106 166
143 170
155 149
122 169
155 104
105 151
171 157
113 143
111 147
119 100
152 144
124 111
131 100
128 137
152 152
113 166
163 158
106 153
161 135
161 160
112 139
144 171
183 153
113 106
136 162
138 162
168 115
181 129
137 169
143 165
158 159
161 148
110 141
132 149
151 103
143 96
100 154
107 157
107 166
183 128
107 164
174 139
120 167
113 163
0 17 21 0 100 196 1
0 61 68 0 78 190 2
0 95 103 0 96 197 3
0 176 189 1 99 196 4
0 349 371 1 95 197 5
0 527 558 0 96 195 6
0 552 584 0 33 156 7
0 555 588 1 96 197 8
0 756 799 0 96 197 9
0 824 871 0 67 174 10
0 957 1011 0 96 197 11
0 981 1036 0 96 197 12
0 1166 1231 0 96 197 13
0 1692 1784 0 94 198 14
0 1735 1830 0 102 197 15
0 1835 1935 0 33 158 16
47 566 1776 0 96 197 17
160 96 511 0 96 198 18
203 17 574 1 74 186 19
212 19 472 1 63 190 20
286 41 892 0 63 190 21
346 14 522 1 97 197 22
365 1 574 1 97 196 23
371 66 1741 0 95 197 24
375 73 1641 1 94 197 25
383 109 1361 1 96 197 26
387 29 1142 1 95 198 27
390 1404 1871 0 93 198 28
414 476 919 1 96 197 29
424 57 1480 0 101 196 30
429 1 448 1 96 197 31
446 11 736 1 96 198 32
448 3 1267 1 92 198 33
452 98 1002 1 96 196 34
456 17 547 1 93 198 35
466 211 1008 1 97 197 36
477 1 1642 1 146 165 37
478 59 1364 1 95 190 38
486 56 1652 0 97 196 39
539 110 1202 0 96 196 40
563 32 1229 0 95 197 41
570 170 1818 1 96 196 42
600 13 789 0 136 177 43
650 6 1505 0 93 198 44
675 618 1386 1 117 190 45
715 449 1228 1 101 197 46
745 58 1115 1 96 196 47
749 28 1359 1 135 177 48
758 551 1570 1 101 197 49
811 552 1656 1 96 197 50
813 8 895 1 101 197 51
818 5 1510 0 96 197 52
830 2 1384 0 102 196 53
831 7 916 1 101 196 54
849 10 880 1 98 196 55
890 78 1342 1 98 197 56
927 359 1308 0 96 197 57
946 63 1258 0 96 198 58
951 1 1518 1 100 196 59
960 93 1748 1 101 197 60
976 97 1615 0 96 197 61
981 534 1547 1 96 197 62
992 65 1395 0 96 195 63
1012 16 1615 1 95 197 64
1024 29 1578 1 95 197 65
1047 39 1864 1 97 196 66
1090 73 1481 0 93 199 67
1119 8 1152 1 96 198 68
1146 24 1383 0 95 196 69
1147 17 1785 1 96 197 70
1157 19 1323 1 96 197 71
1167 277 1826 1 96 197 72
1213 587 1833 1 96 197 73
1228 4 1334 1 103 196 74
1236 67 1875 0 96 197 75
1285 102 1588 1 102 197 76
1303 26 1509 1 94 196 77
1322 11 1430 1 100 197 78
1335 17 1975 0 96 196 79
1402 4 1972 1 92 199 80
1420 3 1446 1 112 193 81
1434 28 1642 0 92 198 82
1463 1 1800 1 110 196 83
1466 12 1593 1 95 197 84
1468 1 1538 0 94 198 85
1501 18 1634 1 97 197 86
1505 54 1889 0 96 196 87
1515 37 1920 0 96 197 88
1522 137 1669 1 2 167 89
1551 1 1565 1 93 197 90
1556 8 1733 1 34 155 91
1556 269 1892 1 31 161 92
1574 67 1984 1 51 124 93
1597 2 1608 0 69 11 94
1623 13 1749 1 57 188 95
1638 31 1932 0 69 11 96
1682 11 1723 1 68 10 97
1709 1 1969 1 69 11 98
1861 1 1873 1 69 10 99
1873 3 1920 1 70 11 100
