500
133 172
116 149
133 106
127 170
130 169
103 152
106 166
143 170
155 149
122 169
155 104
105 151
171 157
113 143
111 147
119 100
152 144
124 111
131 100
128 137
152 152
113 166
163 158
106 153
161 135
161 160
112 139
144 171
183 153
113 106
136 162
138 162
168 115
181 129
137 169
143 165
158 159
161 148
110 141
132 149
151 103
143 96
100 154
107 157
107 166
183 128
107 164
174 139
120 167
113 163
163 154
149 163
153 163
153 162
173 124
116 101
100 155
103 160
127 138
113 101
113 149
123 140
156 158
105 164
134 151
124 139
113 160
119 104
126 168
99 160
106 162
157 162
110 165
107 145
165 158
107 158
121 164
108 152
128 168
147 167
136 136
106 149
111 160
129 171
143 169
108 156
160 144
124 165
117 141
116 158
147 168
157 153
168 158
133 98
174 133
172 134
115 168
123 139
105 156
132 102
132 147
156 107
136 169
133 99
111 158
112 165
165 135
116 157
137 158
141 149
151 154
143 168
109 155
105 162
155 106
121 144
159 158
135 158
114 103
147 163
114 140
114 108
145 166
170 140
170 139
147 164
117 162
108 144
122 157
135 104
100 151
122 171
109 152
101 156
151 162
99 159
120 166
144 167
157 147
138 170
110 142
133 154
130 199
123 165
166 99
90 157
121 145
169 146
123 138
101 162
106 147
87 162
104 150
121 171
99 149
118 169
125 108
127 113
149 164
131 101
129 101
91 156
156 99
120 147
136 157
112 155
143 166
157 150
182 150
125 169
102 156
113 104
137 152
84 160
108 142
152 100
179 140
157 146
154 99
89 161
103 148
137 168
139 106
153 146
136 164
132 170
139 121
141 162
86 159
160 143
156 162
129 157
154 134
114 100
133 109
156 148
104 154
170 124
169 124
124 167
114 150
157 105
101 164
116 106
149 162
86 160
128 169
147 155
146 108
128 112
169 157
106 161
117 100
136 107
116 107
153 136
135 162
126 162
129 99
139 131
117 169
116 168
179 153
137 170
165 156
115 166
136 163
172 124
122 100
166 157
177 133
135 135
133 170
131 166
101 148
113 150
165 123
110 145
182 149
114 104
157 148
155 129
153 103
123 143
113 138
125 100
117 138
165 155
185 140
152 164
146 130
109 157
129 150
147 108
146 162
120 164
157 102
123 117
182 132
112 158
88 161
122 108
130 140
101 158
150 165
139 169
150 103
158 148
104 147
104 161
123 163
105 157
118 142
151 108
120 107
117 165
164 158
102 153
186 128
111 163
112 157
99 150
175 135
120 103
138 117
136 165
136 170
129 169
122 128
147 134
119 163
115 99
110 144
113 157
126 170
131 98
149 131
184 134
109 141
102 160
113 147
100 160
109 165
123 104
138 163
165 154
168 112
115 164
148 159
103 155
135 109
117 101
83 161
167 134
131 165
104 149
111 145
123 154
143 172
100 150
167 158
159 140
138 171
138 158
122 162
139 170
109 161
165 102
111 165
177 124
119 107
160 98
115 159
159 161
134 98
108 165
101 151
134 116
121 170
111 144
148 106
111 143
156 161
116 167
114 168
100 162
148 158
107 146
123 102
170 157
119 162
152 103
192 152
106 158
115 143
109 153
142 169
173 156
152 108
126 167
147 130
128 165
142 168
162 142
124 100
106 155
153 114
132 146
99 152
149 151
175 133
125 111
144 163
130 98
124 166
126 165
142 161
104 148
142 170
115 113
156 142
108 155
144 96
143 151
117 167
169 142
99 151
154 101
159 162
107 155
152 105
112 164
123 101
113 142
119 103
120 170
154 103
139 128
168 129
128 99
138 169
154 97
109 166
134 171
124 103
101 153
173 123
140 163
138 109
113 137
118 100
110 166
165 152
156 164
149 106
124 160
152 107
104 153
158 157
140 165
120 101
123 99
184 129
160 138
113 99
137 167
178 132
151 104
165 151
117 142
115 167
127 169
131 112
143 124
116 143
110 153
115 100
90 160
102 148
135 149
108 143
116 159
184 151
179 128
105 146
141 106
105 148
139 103
116 138
139 164
136 171
137 134
84 161
153 107
85 160
119 167
123 166
141 163
157 163
125 171
85 161
105 159
115 138
184 130
157 160
112 147
99 158
116 108
104 159
103 154
158 158
112 104
141 170
148 154
90 159
123 168
100 153
174 156
111 157
160 145
99 154
119 166
142 156
152 131
167 148
134 170
119 101
119 153
110 163
133 111
118 106
132 169
167 121
159 150
107 148
94 154
100 149
164 124
120 165
125 101
0 17 21 0 100 196 1
0 26 31 1 95 197 2
0 61 68 0 78 190 3
0 95 103 1 96 197 4
0 112 121 0 146 165 5
0 176 189 0 99 196 6
0 287 306 1 135 177 7
0 349 371 0 95 197 8
0 378 401 0 95 190 9
0 395 419 1 95 197 10
0 399 423 0 97 197 11
0 485 514 0 96 198 12
0 519 550 0 63 190 13
0 527 558 1 96 195 14
0 552 584 0 33 156 15
0 555 588 0 96 197 16
0 756 799 0 96 197 17
0 808 854 1 95 198 18
0 824 871 0 67 174 19
0 838 886 0 101 197 20
0 862 911 0 93 198 21
0 952 1006 0 63 190 22
0 957 1011 1 96 197 23
0 981 1036 0 96 197 24
0 1015 1072 0 92 198 25
0 1051 1110 0 96 196 26
0 1068 1128 1 94 197 27
0 1078 1138 1 101 196 28
0 1104 1166 0 97 196 29
0 1166 1231 1 96 197 30
0 1218 1286 0 96 197 31
0 1278 1349 1 96 196 32
0 1346 1420 0 96 198 33
0 1383 1459 1 97 196 34
0 1402 1479 0 96 197 35
0 1426 1505 0 93 198 36
0 1443 1522 1 96 197 37
0 1460 1540 0 74 186 38
0 1603 1691 1 96 196 39
0 1621 1710 1 96 197 40
0 1639 1729 0 96 197 41
0 1692 1784 1 94 198 42
0 1698 1791 1 117 190 43
0 1719 1813 0 93 198 44
0 1735 1830 1 102 197 45
0 1755 1851 0 136 177 46
0 1792 1890 0 97 197 47
0 1835 1935 1 33 158 48
0 1847 1948 1 101 197 49
0 1861 1962 1 96 196 50
38 186 1123 1 101 197 51
49 124 1306 1 96 197 52
56 6 142 0 102 196 53
89 2 592 1 101 196 54
94 17 946 1 98 196 55
100 11 247 0 98 197 56
109 8 615 1 96 197 57
145 114 1087 0 96 198 58
153 9 1089 1 100 196 59
155 24 1406 1 101 197 60
185 16 1153 0 96 197 61
192 1 1940 1 96 197 62
199 189 1899 1 96 195 63
205 6 214 1 95 197 64
222 40 558 0 95 197 65
229 44 1288 1 97 196 66
243 18 401 0 93 199 67
282 120 1164 1 96 198 68
286 29 546 1 95 196 69
302 23 777 1 96 197 70
302 55 1452 1 96 197 71
307 4 1541 0 96 197 72
344 4 363 0 96 197 73
345 403 773 1 103 196 74
410 26 1203 1 96 197 75
418 90 1639 1 102 197 76
422 153 1011 1 94 196 77
440 82 1268 0 100 197 78
471 129 637 1 96 196 79
473 939 1843 1 92 199 80
475 495 999 0 112 193 81
482 134 922 0 92 198 82
509 62 1119 1 110 196 83
542 1 855 1 95 197 84
542 68 1511 0 94 198 85
547 13 710 1 97 197 86
553 326 950 1 96 196 87
558 129 1689 0 96 197 88
567 25 1220 1 93 197 89
567 38 715 1 2 167 90
583 1 608 1 31 161 91
607 98 713 1 34 155 92
639 10 874 1 51 124 93
649 58 1944 1 69 11 94
652 66 990 1 57 188 95
669 120 903 1 69 11 96
671 3 1552 1 68 10 97
672 20 982 1 69 11 98
694 29 1036 0 69 10 99
697 64 1164 1 70 11 100
712 37 1543 0 70 11 101
713 34 1160 1 69 10 102
724 359 1104 0 70 11 103
741 72 1988 1 69 11 104
749 46 1120 1 69 11 105
750 84 1446 1 68 11 106
767 107 1630 0 68 11 107
777 444 1402 1 68 10 108
803 6 936 1 69 10 109
827 10 1852 1 69 11 110
858 5 910 0 68 11 111
865 122 1228 1 67 10 112
876 1 1583 1 70 10 113
884 43 1559 1 69 11 114
891 17 1270 1 71 10 115
912 40 1229 1 69 11 116
915 211 1318 1 69 11 117
917 8 1518 1 68 11 118
925 17 1043 1 69 10 119
934 135 1290 1 70 10 120
935 655 1626 0 68 11 121
938 65 1958 0 68 11 122
951 84 1473 1 67 11 123
984 10 1191 1 70 11 124
987 22 1973 1 69 10 125
987 205 1981 1 69 11 126
1029 4 1116 1 70 10 127
1047 8 1258 1 69 10 128
1052 42 1929 1 69 11 129
1058 2 1558 0 69 10 130
1085 1 1141 1 68 10 131
1092 238 1346 1 69 11 132
1123 97 1774 1 69 10 133
1128 43 1609 1 70 10 134
1134 27 1510 1 68 11 135
1134 34 1369 0 69 11 136
1135 1 1803 1 68 10 137
1136 1 1275 1 70 10 138
1156 12 1500 1 68 10 139
1169 89 1716 0 69 10 140
1181 160 1702 1 69 10 141
1188 7 1384 1 69 11 142
1198 67 1610 0 51 124 143
1199 228 1572 1 51 124 144
1223 2 1656 1 51 124 145
1281 34 1740 1 51 125 146
1308 1 1914 0 51 125 147
1308 7 1418 1 51 124 148
1388 1 1843 0 51 125 149
1392 16 1850 1 51 125 150
1395 166 1983 1 52 125 151
1427 5 1457 1 51 125 152
1428 3 1453 1 51 125 153
1432 3 1690 1 51 124 154
1435 114 1610 0 51 125 155
1440 52 1831 1 51 125 156
1455 206 1731 1 51 125 157
1456 150 1767 1 51 124 158
1482 8 1584 0 49 126 159
1536 1 1698 1 53 127 160
1596 1 1652 1 54 126 161
1601 1 1880 1 51 124 162
1605 296 1920 1 52 125 163
1617 24 1894 0 50 124 164
1622 35 1856 1 34 133 165
1629 14 1922 1 52 111 166
1631 50 1811 1 51 124 167
1648 142 1982 1 53 124 168
1651 33 1925 1 52 125 169
1668 1 1695 1 52 111 170
1680 18 1842 0 52 125 171
1697 2 1774 0 51 124 172
1698 1 1799 0 51 124 173
1706 33 1950 0 51 124 174
1707 29 1966 1 51 124 175
1714 87 1926 1 51 125 176
1718 4 1776 1 51 125 177
1719 1 1725 1 52 125 178
1719 10 1928 1 51 125 179
1724 11 1839 1 51 125 180
1726 55 1949 1 52 125 181
1731 7 1834 1 50 124 182
1736 44 1916 0 53 126 183
1741 95 1868 1 50 125 184
1754 48 1956 1 53 134 185
1756 215 1985 1 49 124 186
1760 3 1830 1 51 125 187
1768 26 1798 1 50 124 188
1776 5 1793 1 53 125 189
1777 38 1917 1 54 121 190
1789 7 1976 1 52 124 191
1801 54 1930 1 52 125 192
1845 22 1929 1 51 125 193
1850 1 2000 1 51 125 194
1868 4 1953 1 72 196 195
1876 2 1895 1 67 10 196
1883 11 1939 1 70 10 197
1888 1 1899 1 61 10 198
1889 7 1997 0 63 11 199
1891 14 1980 1 36 154 200
