50
133 172
116 149
133 106
127 170
130 169
103 152
106 166
143 170
155 149
122 169
155 104
105 151
171 157
113 143
111 147
119 100
152 144
124 111
131 100
128 137
152 152
113 166
163 158
106 153
161 135
161 160
112 139
144 171
183 153
113 106
136 162
138 162
168 115
181 129
137 169
143 165
158 159
161 148
110 141
132 149
151 103
143 96
100 154
107 157
107 166
183 128
107 164
174 139
120 167
113 163
0 17 21 0 100 196 1
0 26 31 0 95 197 2
0 28 33 0 96 197 3
0 50 56 1 69 11 4
0 54 60 1 69 11 5
0 55 61 1 69 10 6
0 61 68 0 78 190 7
0 95 103 1 96 197 8
0 109 118 0 51 124 9
0 112 121 0 146 165 10
0 132 142 1 69 10 11
0 152 163 0 68 11 12
0 166 178 0 69 11 13
0 176 189 0 99 196 14
0 192 1476 1 96 197 15
0 193 207 0 69 10 16
0 208 222 1 67 11 17
0 251 371 0 95 197 18
0 265 282 1 70 11 19
0 287 306 1 135 177 20
0 289 308 0 101 197 21
0 306 326 1 100 197 22
0 318 338 0 31 161 23
0 319 339 0 96 197 24
0 320 340 1 68 10 25
0 322 342 0 96 198 26
0 348 370 0 96 197 27
0 378 401 0 34 155 28
0 378 401 0 95 190 29
0 391 415 0 68 10 30
0 395 419 0 95 197 31
0 399 423 0 97 197 32
0 407 432 0 69 11 33
0 427 453 1 96 197 34
0 428 454 1 98 197 35
0 445 472 0 95 197 36
0 472 500 0 68 11 37
0 478 507 1 96 197 38
0 485 514 0 96 198 39
0 506 799 0 96 197 40
0 519 550 0 63 190 41
0 527 558 1 96 195 42
0 542 574 1 69 11 43
0 552 584 0 33 156 44
0 555 588 0 96 197 45
0 557 590 0 93 199 46
0 560 593 0 69 10 47
0 604 639 1 95 197 48
0 621 657 0 96 197 49
0 668 707 1 93 197 50
0 712 753 0 112 193 51
0 780 825 0 68 11 52
0 783 828 0 70 11 53
0 787 832 0 70 11 54
0 787 832 1 69 10 55
0 807 853 0 101 197 56
0 808 854 1 95 198 57
0 817 863 0 94 198 58
0 823 870 0 57 188 59
0 824 871 1 67 174 60
0 838 886 1 101 197 61
0 852 900 1 100 196 62
0 862 911 0 93 198 63
0 879 929 0 69 10 64
0 907 958 0 67 10 65
0 907 958 1 68 10 66
0 928 980 1 103 196 67
0 952 1006 0 63 190 68
0 957 1011 0 96 197 69
0 958 1012 1 68 11 70
0 981 1036 0 96 197 71
0 984 1039 1 2 167 72
0 1015 1072 0 92 198 73
0 1032 1090 1 69 11 74
0 1046 1104 0 70 10 75
0 1051 1110 1 96 196 76
0 1058 1117 1 69 10 77
0 1064 1123 0 96 198 78
0 1068 1128 0 94 197 79
0 1078 1138 0 101 196 80
0 1088 1149 0 95 196 81
0 1103 1164 0 68 11 82
0 1104 1166 1 97 196 83
0 1106 1168 1 102 196 84
0 1160 1224 0 95 197 85
0 1166 1231 1 96 197 86
0 1198 1264 0 92 198 87
0 1218 1286 1 96 197 88
0 1266 1336 0 92 199 89
0 1277 1348 1 69 11 90
0 1278 1349 0 96 196 91
0 1292 1363 0 96 197 92
0 1305 1377 0 96 195 93
0 1316 1389 0 94 196 94
0 1317 1390 0 102 197 95
0 1328 1401 0 68 11 96
0 1338 1412 1 96 197 97
0 1341 1415 0 69 11 98
0 1346 1420 0 96 198 99
0 1358 1433 1 69 11 100
0 1369 1445 1 69 10 101
0 1383 1459 0 97 196 102
0 1402 1479 1 96 197 103
0 1417 1495 0 98 196 104
0 1426 1505 0 93 198 105
0 1443 1522 1 96 197 106
0 1452 1532 0 69 11 107
0 1460 1540 1 74 186 108
0 1488 1570 0 69 11 109
0 1511 1594 0 71 10 110
0 1517 1600 0 101 196 111
0 1573 1659 0 70 11 112
0 1603 1691 1 96 196 113
0 1605 1693 1 96 196 114
0 1616 1704 0 110 196 115
0 1621 1710 0 96 197 116
0 1627 1716 0 70 10 117
0 1639 1729 0 96 197 118
0 1692 1784 0 94 198 119
0 1698 1791 1 117 190 120
0 1714 1808 0 96 196 121
0 1719 1813 1 93 198 122
0 1734 1829 0 96 197 123
0 1735 1830 0 102 197 124
0 1740 1835 0 70 10 125
0 1755 1851 0 136 177 126
0 1792 1890 1 97 197 127
0 1817 1916 0 97 197 128
0 1835 1935 0 33 158 129
0 1847 1948 0 101 197 130
0 1861 1962 0 96 196 131
0 1881 1983 0 69 11 132
0 1882 1984 1 97 196 133
39 44 691 1 70 10 134
49 51 505 1 69 11 135
53 52 1213 1 68 11 136
54 48 939 1 68 10 137
58 67 1065 1 70 10 138
58 265 1284 1 68 10 139
70 38 615 1 69 10 140
73 53 1108 1 69 10 141
78 19 214 0 69 11 142
85 18 1028 1 51 124 143
92 13 456 1 51 124 144
92 59 690 0 51 124 145
95 90 681 0 51 125 146
103 397 1916 1 51 124 147
111 97 1278 1 51 125 148
115 10 595 1 51 125 149
116 5 1394 1 51 125 150
117 249 1623 0 52 125 151
124 1 221 0 51 125 152
131 187 1438 0 51 125 153
131 273 1921 1 51 124 154
132 4 1328 1 51 125 155
133 86 1423 0 51 125 156
134 106 1986 1 51 125 157
154 29 192 1 51 124 158
164 507 756 0 49 126 159
170 346 1452 1 53 127 160
174 36 1202 1 54 126 161
175 1027 1481 0 51 124 162
184 7 1275 0 52 125 163
193 35 964 1 50 124 164
194 1 1973 1 52 111 165
194 64 932 1 34 133 166
203 55 1346 1 51 124 167
209 1 515 0 53 124 168
213 16 533 1 52 125 169
214 563 1290 1 52 111 170
215 51 1998 1 52 125 171
225 473 862 0 51 124 172
227 23 260 1 51 124 173
233 77 1953 1 51 124 174
235 779 1126 0 51 124 175
240 41 1104 1 51 125 176
241 282 1800 1 51 125 177
243 22 479 1 51 125 178
243 191 1959 1 52 125 179
249 880 1179 1 51 125 180
254 30 929 0 52 125 181
260 108 1432 1 50 124 182
283 92 1652 1 53 126 183
284 114 902 0 50 125 184
286 48 1008 0 53 134 185
305 18 578 0 49 124 186
307 3 978 0 51 125 187
312 71 499 1 50 124 188
315 21 455 1 53 125 189
320 47 741 1 54 121 190
329 5 476 1 52 124 191
332 1 466 0 52 125 192
337 2 684 1 51 125 193
339 33 1274 0 51 125 194
341 133 1077 0 72 196 195
343 121 803 1 67 10 196
344 297 1804 1 70 10 197
345 226 1617 1 61 10 198
349 272 1556 0 63 11 199
352 59 1386 1 36 154 200
354 63 1870 1 63 190 201
363 277 1628 0 65 10 202
366 37 1244 0 67 10 203
368 238 720 1 61 9 204
387 60 911 1 70 10 205
393 4 1450 0 68 10 206
396 250 663 0 69 11 207
398 924 1372 0 69 11 208
400 59 1036 0 68 11 209
426 279 1334 1 69 10 210
431 469 1612 1 140 24 211
442 16 1234 1 96 197 212
442 23 697 0 65 11 213
443 34 1408 1 130 172 214
448 21 910 1 99 196 215
448 33 900 0 150 164 216
450 109 1635 0 97 196 217
458 36 676 1 96 196 218
473 230 824 0 58 185 219
474 82 1011 1 49 124 220
477 3 1250 1 33 155 221
493 103 1229 1 64 188 222
495 37 673 1 57 186 223
495 39 726 1 57 187 224
499 161 1942 1 57 187 225
519 49 1329 1 58 187 226
521 12 1128 1 57 187 227
521 24 1275 0 57 187 228
522 39 1197 1 57 187 229
533 60 1871 1 52 180 230
533 138 1977 0 93 199 231
536 119 1923 1 34 157 232
536 407 1390 0 33 156 233
539 4 558 1 101 197 234
543 1 614 0 96 197 235
543 506 1667 1 97 197 236
544 29 716 0 31 157 237
549 81 1375 1 33 157 238
550 93 1318 1 32 156 239
553 64 1987 1 33 156 240
554 8 705 1 33 156 241
554 13 606 0 33 156 242
563 161 1970 1 34 155 243
566 12 853 1 33 157 244
567 35 703 1 33 157 245
573 36 1681 1 63 21 246
573 39 1581 1 33 156 247
577 709 1892 1 33 156 248
583 28 852 1 34 157 249
596 29 765 0 33 156 250
598 463 1307 1 32 158 251
601 143 1265 0 33 157 252
614 23 1817 1 33 156 253
635 12 1868 1 33 156 254
638 327 984 0 33 156 255
641 45 1068 1 33 157 256
642 1 650 1 61 189 257
644 33 1566 1 68 169 258
646 34 1710 1 57 187 259
648 49 1836 1 55 162 260
650 1 1168 1 57 187 261
652 18 802 0 96 197 262
653 10 880 1 68 11 263
653 51 1320 0 51 125 264
656 24 1472 1 50 185 265
661 131 1986 1 35 151 266
662 85 1471 1 87 198 267
668 110 1009 1 58 186 268
668 406 1820 1 57 188 269
670 131 1297 1 88 198 270
676 37 1389 1 57 186 271
678 1 791 0 57 187 272
684 1 691 0 57 187 273
690 96 1633 1 57 186 274
695 1 859 1 58 187 275
695 26 1228 1 57 187 276
700 594 1965 0 34 154 277
701 228 1426 1 60 188 278
709 104 1764 0 32 157 279
710 98 966 0 32 159 280
717 9 985 1 33 156 281
719 40 1848 0 105 194 282
720 425 1586 0 69 11 283
723 32 931 1 33 157 284
723 108 1263 1 12 163 285
724 721 1485 0 118 188 286
726 1 881 1 79 196 287
730 1 819 1 33 154 288
737 15 1239 1 34 156 289
737 54 1735 1 34 157 290
737 73 1502 1 33 157 291
739 57 1164 1 33 156 292
740 45 1175 0 33 156 293
741 357 1447 1 33 157 294
747 757 1547 0 35 154 295
749 2 1310 1 57 186 296
757 8 1544 1 58 183 297
757 11 974 1 91 193 298
757 29 1402 0 33 157 299
757 139 1689 1 70 10 300
759 19 1303 1 31 153 301
761 28 1309 1 97 197 302
761 81 1017 1 88 199 303
765 18 938 1 58 187 304
765 48 1249 1 97 196 305
767 1 1884 1 57 188 306
767 6 872 0 57 188 307
768 29 971 0 58 185 308
769 35 1505 1 52 125 309
775 449 1250 0 52 125 310
776 4 1790 0 51 125 311
778 1086 1924 1 51 125 312
790 16 1398 1 52 125 313
793 33 1304 1 51 124 314
794 4 860 1 51 124 315
794 30 1956 1 51 124 316
794 88 1687 0 51 124 317
801 396 1958 1 51 125 318
803 38 1432 1 51 124 319
809 34 1876 1 51 124 320
811 2 852 1 52 124 321
812 55 993 1 51 124 322
815 32 995 1 50 124 323
818 1 908 0 51 124 324
818 686 1542 0 50 124 325
822 66 1723 1 50 124 326
827 55 1421 0 50 124 327
831 49 1300 1 97 196 328
856 65 1394 1 97 197 329
857 77 1664 1 97 196 330
865 341 1807 1 33 157 331
876 4 1987 1 33 157 332
877 103 1467 0 33 157 333
888 6 1331 1 33 157 334
892 477 1397 1 33 157 335
903 37 1796 1 34 157 336
908 1 1175 1 33 157 337
916 1 1698 0 33 156 338
916 104 1825 1 34 157 339
922 167 1100 0 33 157 340
938 95 1793 0 35 158 341
944 418 1385 1 32 157 342
950 66 1721 0 33 157 343
953 2 1443 1 33 157 344
954 11 1196 1 33 157 345
954 83 1400 1 33 157 346
959 75 1592 1 34 157 347
961 1 1674 1 33 157 348
962 100 1883 1 33 157 349
982 20 1291 1 33 157 350
985 1 1963 1 32 157 351
994 370 1839 1 32 157 352
995 90 1756 1 33 157 353
1017 31 1424 1 33 157 354
1035 92 1665 0 32 157 355
1037 118 1645 0 36 155 356
1040 4 1128 0 33 156 357
1055 22 1228 1 33 157 358
1101 1 1131 0 33 157 359
1110 118 1443 1 33 156 360
1138 6 1395 1 33 157 361
1141 52 1561 1 33 157 362
1143 47 1397 1 33 157 363
1151 69 1918 1 32 157 364
1155 1 1999 0 33 157 365
1163 304 1484 1 33 157 366
1176 15 1484 1 32 158 367
1183 70 1910 1 33 157 368
1192 7 1355 1 32 157 369
1193 38 1330 1 70 10 370
1193 247 1979 0 32 158 371
1218 26 1685 1 69 10 372
1223 20 1306 1 34 156 373
1233 686 1959 1 34 157 374
1244 197 1883 1 48 177 375
1247 335 1601 1 147 165 376
1254 2 1839 0 63 190 377
1268 292 1582 1 57 186 378
1279 81 1664 1 58 186 379
1287 24 1411 1 82 13 380
1289 1 1305 1 57 187 381
1290 132 1564 1 33 156 382
1291 345 1759 1 33 156 383
1293 1 1457 1 41 159 384
1299 476 1803 1 43 166 385
1306 16 1392 1 1 168 386
1306 27 1792 1 123 185 387
1311 77 1753 0 188 86 388
1320 411 1813 1 40 153 389
1328 2 1430 1 57 187 390
1329 30 2000 1 89 199 391
1330 4 1363 0 57 187 392
1330 73 1733 0 33 158 393
1332 205 1628 1 31 158 394
1336 63 1585 0 33 158 395
1346 7 1671 1 140 175 396
1365 143 1769 0 51 124 397
1371 46 1770 1 96 196 398
1383 38 1778 1 70 162 399
1383 58 1874 1 57 187 400
1392 21 1887 1 57 187 401
1396 22 1492 1 81 172 402
1400 5 1462 1 57 187 403
1401 7 1430 1 33 156 404
1402 85 1626 1 32 155 405
1404 204 1986 1 58 187 406
1405 494 1927 1 33 158 407
1408 5 1429 1 62 119 408
1411 15 1998 1 34 156 409
1413 3 1581 1 31 157 410
1432 1 1787 1 33 156 411
1437 35 1711 0 33 156 412
1440 9 1526 1 34 156 413
1440 58 1885 0 34 156 414
1455 7 1524 1 79 197 415
1455 196 1665 1 34 154 416
1465 1 1654 1 59 185 417
1468 16 1619 1 60 188 418
1474 13 1613 1 52 186 419
1482 24 1710 1 59 185 420
1485 25 1970 1 53 185 421
1495 12 1733 1 60 189 422
1498 5 1544 1 77 189 423
1504 15 1635 1 60 189 424
1505 39 1828 0 60 189 425
1508 28 1839 1 65 10 426
1516 53 1812 1 88 5 427
1521 43 1696 1 70 10 428
1521 72 1801 1 88 4 429
1527 18 1713 1 69 10 430
1528 21 1743 1 188 86 431
1530 12 1763 1 188 86 432
1531 140 1947 1 189 86 433
1536 2 1573 1 49 177 434
1567 88 1682 1 49 177 435
1569 9 1971 1 2 168 436
1578 5 1635 1 84 181 437
1592 4 1768 1 93 199 438
1597 71 1981 1 96 196 439
1599 3 1611 1 57 188 440
1602 107 1718 0 71 12 441
1607 47 1769 0 33 157 442
1607 183 1801 0 57 188 443
1614 48 1871 1 92 199 444
1615 96 1719 0 58 188 445
1616 31 1724 1 59 187 446
1617 1 1632 1 58 187 447
1622 2 1676 1 90 199 448
1626 18 1940 1 57 187 449
1633 103 1968 0 58 186 450
1636 1 1664 0 57 187 451
1637 1 1658 0 64 189 452
1644 10 1694 1 57 188 453
1646 1 1716 1 57 188 454
1646 1 1882 1 57 187 455
1654 15 1728 1 63 190 456
1672 1 1689 1 51 124 457
1675 17 1936 1 51 124 458
1677 9 1784 0 50 124 459
1678 2 1696 1 2 168 460
1681 2 1695 1 34 156 461
1681 177 1962 1 11 167 462
1684 1 1996 1 57 188 463
1697 20 1854 0 58 188 464
1701 6 1964 1 57 187 465
1714 22 1813 0 57 188 466
1720 4 1792 1 60 188 467
1722 6 1956 1 57 188 468
1726 14 1826 1 57 188 469
1733 10 1911 1 63 190 470
1735 1 1775 0 59 188 471
1735 12 1855 1 57 187 472
1736 39 1964 1 59 188 473
1740 22 1893 0 57 188 474
1741 17 1873 1 58 188 475
1743 80 1961 1 58 188 476
1750 20 1824 1 53 185 477
1756 50 1811 1 63 190 478
1765 73 1921 1 58 186 479
1771 6 1878 1 55 162 480
1774 31 1839 1 57 186 481
1777 9 1789 1 64 189 482
1779 34 1818 0 70 195 483
1780 195 1988 1 60 177 484
1790 153 1953 1 57 186 485
1800 85 1899 0 56 185 486
1809 14 1899 1 60 186 487
1810 17 1968 1 96 197 488
1814 1 1839 0 58 185 489
1842 2 1860 1 62 189 490
1843 6 1896 1 60 189 491
1843 10 1961 1 58 186 492
1846 4 1888 1 57 186 493
1862 86 1960 1 60 189 494
1867 1 1879 1 58 188 495
1868 37 1960 1 57 187 496
1873 1 1892 1 63 190 497
1875 4 1964 0 57 187 498
1889 6 1987 0 62 189 499
1893 10 1907 0 58 186 500
